# 2.7.6 (IronPython 2.7.6.3 (2.7.6.3) on .NET 4.0.30319.42000 (32-bit))
# cli-32bit
Problem 001: 0.0 0.0 0.0 0.0 0.00102996826172 0.0 0.0 0.0 0.0 0.0
Problem 002: 0.0 0.0 0.0 0.0 0.0 0.0 0.0 0.0 0.0 0.0
Problem 003: 0.0825576782227 0.0780563354492 0.0400390625 0.0685424804688 0.0540771484375 0.067008972168 0.0760803222656 0.0530319213867 0.0600051879883 0.0850677490234
Problem 004: 0.202812194824 0.203819274902 0.202796936035 0.202819824219 0.204315185547 0.202812194824 0.204811096191 0.205352783203 0.203315734863 0.204315185547
Problem 005: 0.0 0.0 0.0 0.0 0.0 0.0 0.0 0.0 0.0 0.0
Problem 006: 0.0 0.0 0.0 0.0 0.0 0.0 0.0 0.0 0.0 0.0
Problem 007: 0.139717102051 0.139213562012 0.138710021973 0.139709472656 0.140228271484 0.139213562012 0.138710021973 0.138717651367 0.139213562012 0.138198852539
Problem 008: 0.00199890136719 0.00151062011719 0.00199890136719 0.00149536132813 0.00200653076172 0.00150299072266 0.00200653076172 0.00149536132813 0.00201416015625 0.00149536132813
Problem 009: 0.0180358886719 0.0180206298828 0.0180206298828 0.0175399780273 0.0180282592773 0.0180282592773 0.0175247192383 0.0185394287109 0.0185165405273 0.0180282592773
Problem 010: 0.405464172363 0.405952453613 0.408630371094 0.408622741699 0.407127380371 0.404472351074 0.412628173828 0.409629821777 0.402969360352 0.409126281738
Problem 011: 0.00100708007813 0.000503540039063 0.000999450683594 0.000495910644531 0.000999450683594 0.00101470947266 0.000495910644531 0.000999450683594 0.00048828125 0.00102233886719
Problem 012: 2.54943084717 2.55340576172 2.53440093994 2.54594421387 2.48687744141 2.48031616211 2.49332427979 2.50134277344 2.51486206055 2.44725036621
Problem 013: 0.0 0.0 0.0 0.0 0.0 0.0 0.000518798828125 0.0 0.0 0.0
Problem 015: 0.0 0.0 0.0 0.0 0.0 0.0 0.0 0.0 0.0 0.0
Problem 016: 0.0 0.0 0.00100708007813 0.0 0.0 0.0 0.0 0.0 0.0 0.0
Problem 017: 0.000999450683594 0.0 0.000999450683594 0.0 0.000999450683594 0.0 0.00100708007813 0.0 0.000999450683594 0.000999450683594
Problem 018: 0.0 0.0 0.0 0.0 0.0 0.0 0.0 0.0 0.000495910644531 0.0
Problem 019: 0.0 0.0 0.000991821289063 0.0 0.0 0.00101470947266 0.0 0.0 0.000999450683594 0.0
Problem 020: 0.0 0.0 0.0 0.0 0.0 0.0 0.0 0.0 0.000999450683594 0.0
Problem 021: 0.009521484375 0.00801849365234 0.00950622558594 0.00801849365234 0.00850677490234 0.010009765625 0.00751495361328 0.0100250244141 0.010009765625 0.00751495361328
Problem 022: 0.00801086425781 0.00851440429688 0.00851440429688 0.00801086425781 0.00851440429688 0.00801086425781 0.00851440429688 0.00850677490234 0.00801849365234 0.00850677490234
Problem 023: 1.69609832764 1.70262145996 1.70261383057 1.71968078613 1.70071411133 1.64770507813 1.63401031494 1.68367004395 1.63200378418 1.63401031494
Problem 025: 0.138710021973 0.138214111328 0.138221740723 0.138710021973 0.138191223145 0.138732910156 0.13875579834 0.138214111328 0.138214111328 0.138214111328
Problem 026: 0.0185317993164 0.0185241699219 0.0180358886719 0.0185165405273 0.0185394287109 0.0185165405273 0.0180358886719 0.0185241699219 0.0185317993164 0.0185241699219
Problem 027: 0.500778198242 0.503295898438 0.520790100098 0.51929473877 0.519805908203 0.519302368164 0.51929473877 0.519790649414 0.520294189453 0.519813537598
Problem 028: 0.0 0.0 0.0 0.0 0.0 0.000495910644531 0.0 0.0 0.0 0.0
Problem 029: 0.206764221191 0.201316833496 0.210327148438 0.210815429688 0.200805664063 0.208831787109 0.209320068359 0.200805664063 0.209312438965 0.209831237793
Problem 030: 1.76725769043 1.76921081543 1.76439666748 1.76720428467 1.77473449707 1.77222442627 1.77321624756 1.77174377441 1.76573181152 1.76622009277
Problem 031: 0.0 0.0 0.0 0.000511169433594 0.0 0.0 0.0 0.000495910644531 0.0 0.0
Problem 032: 0.111167907715 0.111663818359 0.11067199707 0.110168457031 0.111175537109 0.112167358398 0.11067199707 0.111167907715 0.111679077148 0.111167907715
Problem 033: 0.000495910644531 0.000503540039063 0.000495910644531 0.000511169433594 0.000503540039063 0.000495910644531 0.000503540039063 0.000991821289063 0.000503540039063 0.000495910644531
Problem 034: 1.41216278076 1.41418457031 1.41165924072 1.41316986084 1.41416931152 1.41316986084 1.46878051758 1.47380065918 1.47277069092 1.47275543213
Problem 035: 1.87238311768 1.89893341064 1.87839508057 1.85083007813 1.87097930908 1.85885620117 1.88798522949 1.83682250977 1.87783050537 1.89490509033
Problem 036: 0.261901855469 0.260902404785 0.260406494141 0.260902404785 0.270500183105 0.251388549805 0.25138092041 0.250381469727 0.252388000488 0.251396179199
Problem 037: 0.925468444824 0.928924560547 0.92391204834 0.923431396484 0.927001953125 0.922920227051 0.923919677734 0.931427001953 0.92692565918 0.924430847168
Problem 038: 0.0265350341797 0.0265502929688 0.0275421142578 0.0270385742188 0.0265426635742 0.0275344848633 0.0265502929688 0.0260314941406 0.0275421142578 0.0275497436523
Problem 039: 2.73520660400 2.73478698730 2.73169708252 2.73862457275 2.7216796875 2.72418212891 2.72970581055 2.72317504883 2.72368621826 2.72518157959
Problem 040: 0.221138000488 0.203224182129 0.215835571289 0.231712341309 0.212135314941 0.22184753418 0.222671508789 0.202659606934 0.216705322266 0.217155456543
Problem 041: 1.14275360107 1.14325714111 1.14276123047 1.14525604248 1.14177703857 1.14275360107 1.14325714111 1.14425659180 1.13975524902 1.14382171631
Problem 042: 0.00350952148438 0.00400543212891 0.00400543212891 0.00400543212891 0.00400543212891 0.00400543212891 0.00400543212891 0.00400543212891 0.00401306152344 0.00400543212891
Problem 044: 18.0149765015 18.1861801147 17.6939926147 18.3054580688 18.6511077881 18.9735260010 18.0772781372 18.4411392212 17.2245483398 17.6444015503
Problem 045: 0.03955078125 0.0395660400391 0.0400619506836 0.0400619506836 0.0400619506836 0.0400543212891 0.0395660400391 0.0400619506836 0.0400619506836 0.0400543212891
Problem 046: 0.0185165405273 0.0185394287109 0.0180206298828 0.0180358886719 0.0180206298828 0.0180206298828 0.0185317993164 0.0180282592773 0.0180206298828 0.0185241699219
Problem 047: 0.256896972656 0.268913269043 0.268913269043 0.269401550293 0.25740814209 0.264907836914 0.265411376953 0.255882263184 0.265922546387 0.265907287598
Problem 048: 0.00200653076172 0.00249481201172 0.00201416015625 0.00249481201172 0.00251007080078 0.00199127197266 0.00251007080078 0.00199890136719 0.00251007080078 0.00251007080078
Problem 049: 0.599418640137 0.705078125 0.606437683105 0.60343170166 0.645988464355 0.604927062988 0.606430053711 0.644493103027 0.60693359375 0.599922180176
Problem 050: 0.394111633301 0.395606994629 0.394104003906 0.403121948242 0.392601013184 0.394599914551 0.413063049316 0.408126831055 0.390594482422 0.394111633301
Problem 051: 4.81318664551 4.63193511963 4.79737091064 4.81724548340 4.81421661377 4.82461547852 4.88500976563 4.82233428955 4.81925964355 4.89757537842
Problem 052: 0.487762451172 0.485244750977 0.486747741699 0.485244750977 0.487243652344 0.484741210938 0.488250732422 0.483741760254 0.490264892578 0.487243652344
Problem 053: 0.105651855469 0.105667114258 0.106658935547 0.105667114258 0.105659484863 0.105667114258 0.106163024902 0.106163024902 0.105659484863 0.105667114258
Problem 054: 0.0515823364258 0.0515747070313 0.0510864257813 0.0515823364258 0.0515670776367 0.0515899658203 0.0520782470703 0.0515594482422 0.0515975952148 0.0515823364258
Problem 055: 0.311981201172 0.3134765625 0.311485290527 0.312973022461 0.311477661133 0.310989379883 0.311470031738 0.312026977539 0.312477111816 0.311988830566
Problem 056: 0.375579833984 0.376075744629 0.375579833984 0.375076293945 0.375579833984 0.373580932617 0.374069213867 0.374580383301 0.374572753906 0.37508392334
Problem 057: 0.0115203857422 0.0115203857422 0.0110168457031 0.0115203857422 0.0115127563477 0.0120162963867 0.0115203857422 0.0110168457031 0.0115203857422 0.0115127563477
Problem 058: 2.05067443848 2.04718017578 2.05166625977 2.04213714600 2.07979583740 2.08523559570 2.05020904541 2.05467987061 2.04518890381 2.04565429688
Problem 059: 4.42128753662 4.38278198242 4.37779998779 4.38423156738 4.38628387451 4.37672424316 4.37372589111 4.39024353027 4.38227081299 4.38524627686
Problem 061: 0.00150299072266 0.00199127197266 0.00201416015625 0.00200653076172 0.00199890136719 0.00251007080078 0.00199127197266 0.00151062011719 0.00199890136719 0.00200653076172
Problem 062: 0.289443969727 0.297462463379 0.292938232422 0.292457580566 0.291442871094 0.291450500488 0.291946411133 0.289443969727 0.297294616699 0.282432556152
Problem 063: 0.000999450683594 0.00149536132813 0.000999450683594 0.00151062011719 0.000999450683594 0.00149536132813 0.00151062011719 0.000999450683594 0.00149536132813 0.00101470947266
Problem 064: 1.45721435547 1.44774627686 1.48027038574 1.44575500488 1.48178100586 1.48076629639 1.42118835449 1.46425628662 1.44627380371 1.47927093506
