# 2.7.12 (aff251e54385, Nov 09 2016, 17:54:55)
# [PyPy 5.6.0 with MSC v.1500 32 bit]
# Windows-10-10.0.10586
Problem 001: 0.0 0.0 0.0 0.0 0.0 0.0 0.0 0.0 0.0 0.0
Problem 002: 0.0 0.0 0.0 0.0 0.0 0.0 0.0 0.0 0.0 0.0
Problem 003: 0.0 0.0 0.0 0.0 0.0 0.0 0.000999927520752 0.0 0.0 0.0
Problem 004: 0.0339999198914 0.0329999923706 0.0340001583099 0.0339999198914 0.0339999198914 0.0329999923706 0.0340001583099 0.0339999198914 0.0339999198914 0.0340001583099
Problem 005: 0.0 0.0 0.0 0.0 0.0 0.0 0.0 0.0 0.0 0.0
Problem 006: 0.0 0.0 0.0 0.0 0.0 0.0 0.0 0.0 0.0 0.0
Problem 007: 0.0479998588562 0.0480000972748 0.0479998588562 0.0480000972748 0.0480000972748 0.0469999313354 0.0479998588562 0.0490000247955 0.0490000247955 0.047000169754
Problem 008: 0.00100016593933 0.000999927520752 0.0 0.000999927520752 0.00100016593933 0.000999927520752 0.000999927520752 0.000999927520752 0.00100016593933 0.0
Problem 009: 0.0 0.0 0.0 0.0 0.0 0.0 0.0 0.0 0.0 0.0
Problem 010: 0.0670001506805 0.0679998397827 0.0659999847412 0.0670001506805 0.0680000782013 0.066999912262 0.066999912262 0.0670001506805 0.066999912262 0.066999912262
Problem 011: 0.0 0.0 0.0 0.0 0.0 0.0 0.00300002098083 0.0 0.0 0.0
Problem 012: 0.249000072479 0.251999855042 0.249000072479 0.250999927521 0.249000072479 0.25200009346 0.24799990654 0.249000072479 0.25 0.25
Problem 013: 0.0 0.0 0.0 0.0 0.0 0.0 0.0 0.0 0.0 0.0
Problem 015: 0.0 0.0 0.0 0.0 0.0 0.0 0.0 0.0 0.0 0.0
Problem 016: 0.0 0.0 0.0 0.0 0.0 0.0 0.0 0.0 0.0 0.0
Problem 017: 0.0 0.0 0.0 0.0 0.0 0.0 0.0 0.0 0.0 0.0
Problem 018: 0.0 0.0 0.0 0.0 0.0 0.0 0.0 0.0 0.0 0.0
Problem 019: 0.0 0.0 0.0 0.0 0.0 0.0 0.0 0.00100016593933 0.0 0.0
Problem 020: 0.0 0.0 0.0 0.0 0.0 0.0 0.0 0.0 0.0 0.0
Problem 021: 0.0 0.0 0.0 0.0 0.0 0.0 0.0 0.0 0.0 0.0
Problem 022: 0.00200009346008 0.00200009346008 0.00300002098083 0.0019998550415 0.00200009346008 0.0019998550415 0.00200009346008 0.00200009346008 0.0019998550415 0.00200009346008
Problem 023: 0.111000061035 0.109999895096 0.111000061035 0.111000061035 0.110999822617 0.112000226974 0.110999822617 0.111000061035 0.111999988556 0.114000082016
Problem 025: 0.126000165939 0.125999927521 0.126999855042 0.126000165939 0.125 0.128000020981 0.125999927521 0.125999927521 0.126000165939 0.126999855042
Problem 026: 0.00400018692017 0.00399994850159 0.00399994850159 0.00399994850159 0.00500011444092 0.00399994850159 0.00399994850159 0.00399994850159 0.00400018692017 0.00399994850159
Problem 027: 0.193000078201 0.194999933243 0.194999933243 0.194000005722 0.200999975204 0.196000099182 0.194999933243 0.194999933243 0.194000005722 0.197000026703
Problem 028: 0.0 0.0 0.0 0.0 0.0 0.0 0.0 0.0 0.0 0.0
Problem 029: 0.0110001564026 0.00999999046326 0.0149998664856 0.00999999046326 0.0090000629425 0.00999999046326 0.0150001049042 0.00999999046326 0.00899982452393 0.00999999046326
Problem 030: 0.393999814987 0.393000125885 0.394000053406 0.392999887466 0.393000125885 0.391999959946 0.394000053406 0.391999959946 0.394000053406 0.395999908447
Problem 031: 0.0 0.0 0.0 0.0 0.0 0.0 0.0 0.0 0.0 0.0
Problem 032: 0.0329999923706 0.0339999198914 0.0329999923706 0.0339999198914 0.0329999923706 0.0340001583099 0.0329999923706 0.0329999923706 0.0329999923706 0.0339999198914
Problem 033: 0.0 0.0 0.0 0.0 0.0 0.000999927520752 0.0 0.0 0.0 0.0
Problem 034: 0.399999856949 0.401000022888 0.401000022888 0.400000095367 0.40399980545 0.404000043869 0.401999950409 0.40900015831 0.399999856949 0.391000032425
Problem 035: 0.0920000076294 0.0920000076294 0.0920000076294 0.0909998416901 0.0930001735687 0.0920000076294 0.0909998416901 0.0910000801086 0.0920000076294 0.0920000076294
Problem 036: 0.0429999828339 0.0440001487732 0.0439999103546 0.0429999828339 0.0439999103546 0.0450000762939 0.0429999828339 0.0440001487732 0.0439999103546 0.0429999828339
Problem 037: 0.343999862671 0.343000173569 0.343999862671 0.344000101089 0.34299993515 0.344000101089 0.34099984169 0.344000101089 0.342000007629 0.343999862671
Problem 038: 0.00799989700317 0.00699996948242 0.00800013542175 0.00799989700317 0.00699996948242 0.00800013542175 0.00799989700317 0.00699996948242 0.00800013542175 0.00799989700317
Problem 039: 0.279000043869 0.290999889374 0.279000043869 0.276999950409 0.279000043869 0.278000116348 0.27799987793 0.278000116348 0.276999950409 0.27799987793
Problem 040: 0.173000097275 0.156999826431 0.174000024796 0.157999992371 0.173000097275 0.155999898911 0.175000190735 0.15499997139 0.172999858856 0.156000137329
Problem 041: 0.207000017166 0.205000162125 0.207000017166 0.207999944687 0.205999851227 0.206000089645 0.206000089645 0.207000017166 0.205999851227 0.206000089645
Problem 042: 0.0150001049042 0.000999927520752 0.0 0.000999927520752 0.0 0.00100016593933 0.0 0.000999927520752 0.0 0.000999927520752
Problem 044: 3.37599992752 3.1890001297 3.37599992752 3.1930000782 3.38499999046 3.19599986076 3.37900018692 3.19299983978 3.38000011444 3.19799995422
Problem 045: 0.00300002098083 0.00399994850159 0.00300002098083 0.00300002098083 0.00399994850159 0.00300002098083 0.00300002098083 0.00399994850159 0.00300002098083 0.00300002098083
Problem 046: 0.00399994850159 0.00399994850159 0.00400018692017 0.00499987602234 0.00399994850159 0.00399994850159 0.00400018692017 0.00399994850159 0.00399994850159 0.00399994850159
Problem 047: 0.0490000247955 0.0490000247955 0.0499999523163 0.0499999523163 0.0499999523163 0.0490000247955 0.0499999523163 0.0490000247955 0.0510001182556 0.0499999523163
Problem 048: 0.00200009346008 0.00300002098083 0.00300002098083 0.0019998550415 0.00300002098083 0.00300002098083 0.00200009346008 0.00300002098083 0.0019998550415 0.00300002098083
Problem 049: 0.131999969482 0.134000062943 0.132999897003 0.134000062943 0.134000062943 0.132999897003 0.132999897003 0.133000135422 0.134999990463 0.135999917984
Problem 050: 0.095999956131 0.0750000476837 0.074000120163 0.0980000495911 0.0739998817444 0.095999956131 0.074000120163 0.0739998817444 0.095999956131 0.074000120163
Problem 051: 0.656000137329 0.641000032425 0.65499997139 0.639999866486 0.656000137329 0.641999959946 0.657999992371 0.638999938965 0.654000043869 0.638000011444
Problem 052: 0.0730001926422 0.0729999542236 0.0729999542236 0.074000120163 0.0729999542236 0.0729999542236 0.0729999542236 0.074000120163 0.0729999542236 0.0729999542236
Problem 053: 0.0340001583099 0.0339999198914 0.0350000858307 0.0350000858307 0.0349998474121 0.0350000858307 0.0339999198914 0.0350000858307 0.0349998474121 0.0350000858307
Problem 054: 0.00999999046326 0.00999999046326 0.00999999046326 0.0090000629425 0.00999999046326 0.00999999046326 0.00999999046326 0.010999917984 0.00999999046326 0.0100002288818
Problem 055: 0.0159997940063 0.0170001983643 0.0149998664856 0.0160000324249 0.0160000324249 0.0160000324249 0.0160000324249 0.0149998664856 0.0169999599457 0.0160000324249
Problem 056: 0.0789999961853 0.077999830246 0.0780000686646 0.0780000686646 0.077999830246 0.0789999961853 0.0780000686646 0.0780000686646 0.0789999961853 0.0780000686646
Problem 057: 0.0139999389648 0.0140001773834 0.0149998664856 0.0160000324249 0.0150001049042 0.0139999389648 0.0149998664856 0.0140001773834 0.0149998664856 0.0139999389648
Problem 058: 0.295000076294 0.296000003815 0.294999837875 0.295000076294 0.295000076294 0.294999837875 0.296000003815 0.295000076294 0.295000076294 0.296000003815
Problem 059: 0.348999977112 0.350000143051 0.349999904633 0.351000070572 0.333999872208 0.350000143051 0.349999904633 0.351000070572 0.349999904633 0.350000143051
Problem 061: 0.0 0.000999927520752 0.0 0.00200009346008 0.000999927520752 0.0 0.000999927520752 0.0 0.00100016593933 0.0
Problem 062: 0.0239999294281 0.0230000019073 0.0240001678467 0.0230000019073 0.0239999294281 0.0230000019073 0.0230000019073 0.0239999294281 0.0230000019073 0.0239999294281
Problem 063: 0.0 0.0 0.0 0.0 0.0 0.0 0.0 0.0 0.0 0.0
Problem 064: 0.3140001297 0.296000003815 0.313999891281 0.293999910355 0.3140001297 0.296000003815 0.295000076294 0.311999797821 0.296000003815 0.3140001297
