# 2.7.12 (v2.7.12:d33e0cf91556, Jun 27 2016, 15:24:40) [MSC v.1500 64 bit (AMD64)]
# Windows-10-10.0.10586
Problem 001: 0.000999927520752 0.0 0.0 0.0 0.0 0.0 0.0 0.0 0.0 0.0
Problem 002: 0.0 0.0 0.0 0.0 0.0 0.0 0.0 0.0 0.0 0.0
Problem 003: 0.00800013542175 0.0090000629425 0.00799989700317 0.00799989700317 0.00800013542175 0.00799989700317 0.0090000629425 0.00800013542175 0.00799989700317 0.00799989700317
Problem 004: 0.273999929428 0.274999856949 0.274000167847 0.273000001907 0.273999929428 0.273999929428 0.274000167847 0.276999950409 0.276000022888 0.274999856949
Problem 005: 0.0 0.0 0.0 0.0 0.0 0.0 0.0 0.0 0.0 0.0
Problem 006: 0.0 0.0 0.0 0.0 0.0 0.0 0.0 0.0 0.0 0.0
Problem 007: 0.153000116348 0.151999950409 0.154000043869 0.151999950409 0.15299987793 0.153000116348 0.15299987793 0.154000043869 0.153000116348 0.151999950409
Problem 008: 0.00499987602234 0.00600004196167 0.00600004196167 0.00600004196167 0.00600004196167 0.00499987602234 0.00600004196167 0.00600004196167 0.00499987602234 0.00600004196167
Problem 009: 0.0189998149872 0.0190000534058 0.0190000534058 0.0190000534058 0.0189998149872 0.0190000534058 0.0190000534058 0.0190000534058 0.0179998874664 0.0190000534058
Problem 010: 0.303999900818 0.302999973297 0.299999952316 0.294000148773 0.299999952316 0.299000024796 0.299000024796 0.306999921799 0.299000024796 0.299000024796
Problem 011: 0.000999927520752 0.00100016593933 0.0019998550415 0.000999927520752 0.00100016593933 0.000999927520752 0.000999927520752 0.00100016593933 0.0019998550415 0.00100016593933
Problem 012: 2.92899990082 2.98400020599 3.32299995422 3.08099985123 3.10100007057 3.17199993134 3.00100016594 2.77799987793 2.78800010681 2.86199998856
Problem 013: 0.0 0.0 0.0 0.0 0.0 0.0 0.0 0.0 0.0 0.0
Problem 015: 0.0 0.0 0.0 0.0 0.0 0.0 0.0 0.0 0.0 0.0
Problem 016: 0.0 0.0 0.0 0.0 0.000999927520752 0.0 0.0 0.0 0.0 0.0
Problem 017: 0.000999927520752 0.00100016593933 0.0 0.000999927520752 0.000999927520752 0.00100016593933 0.0 0.000999927520752 0.000999927520752 0.000999927520752
Problem 018: 0.0 0.0 0.0 0.0 0.0 0.0 0.0 0.0 0.000999927520752 0.0
Problem 019: 0.000999927520752 0.0 0.0 0.000999927520752 0.0 0.0 0.00100016593933 0.0 0.0 0.000999927520752
Problem 020: 0.0 0.0 0.0 0.0 0.0 0.0 0.0 0.0 0.0 0.000999927520752
Problem 021: 0.0120000839233 0.0160000324249 0.010999917984 0.00999999046326 0.0110001564026 0.00999999046326 0.00999999046326 0.010999917984 0.00999999046326 0.00999999046326
Problem 022: 0.00600004196167 0.00699996948242 0.00699996948242 0.010999917984 0.00600004196167 0.00600004196167 0.00600004196167 0.00600004196167 0.00799989700317 0.00600004196167
Problem 023: 2.04199981689 2.19800019264 2.20199990273 2.25 2.03799986839 2.17200016975 1.99000000954 2.11500000954 1.98099994659 1.90499997139
Problem 025: 0.0299999713898 0.0329999923706 0.0329999923706 0.0320000648499 0.0310001373291 0.0329999923706 0.0299999713898 0.0309998989105 0.0350000858307 0.0369999408722
Problem 026: 0.0150001049042 0.0259997844696 0.0150001049042 0.0150001049042 0.0159997940063 0.018000125885 0.0149998664856 0.0160000324249 0.0150001049042 0.0190000534058
Problem 027: 0.818000078201 0.929000139236 0.845999956131 0.71799993515 0.878999948502 0.888000011444 0.888999938965 0.807000160217 0.737999916077 0.779000043869
Problem 028: 0.000999927520752 0.0 0.0 0.0 0.0 0.0 0.0 0.0 0.0 0.0
Problem 029: 0.010999917984 0.0120000839233 0.0120000839233 0.0130000114441 0.0130000114441 0.0129997730255 0.0130000114441 0.0130000114441 0.0160000324249 0.0210001468658
Problem 030: 3.32999992371 3.35100007057 3.27900004387 3.37699985504 3.42600011826 3.39399981499 3.367000103 3.35800004005 3.33099985123 3.34100008011
Problem 031: 0.0 0.000999927520752 0.0 0.0 0.0 0.0 0.0 0.0 0.0 0.0
Problem 032: 0.113999843597 0.119000196457 0.110999822617 0.111000061035 0.117000102997 0.113999843597 0.113000154495 0.133999824524 0.115000009537 0.113000154495
Problem 033: 0.0 0.000999927520752 0.00100016593933 0.0 0.000999927520752 0.000999927520752 0.0 0.00100016593933 0.0 0.000999927520752
Problem 034: 2.45899987221 2.6740000248 2.9470000267 2.48199987411 2.48699998856 2.43700003624 2.29100012779 2.31999993324 2.36199998856 2.33299994469
Problem 035: 1.36699986458 1.36199998856 1.3630001545 1.36299991608 1.36299991608 1.36500000954 1.36800003052 1.36400008202 1.3639998436 1.3630001545
Problem 036: 0.381000041962 0.381000041962 0.381000041962 0.379999876022 0.381000041962 0.381999969482 0.381000041962 0.379999876022 0.382000207901 0.380999803543
Problem 037: 1.02600002289 1.02699995041 1.02699995041 1.02700018883 1.02699995041 1.02600002289 1.02900004387 1.02699995041 1.02399992943 1.02500009537
Problem 038: 0.0260000228882 0.0260000228882 0.0260000228882 0.0260000228882 0.0249998569489 0.0260000228882 0.0260000228882 0.0260000228882 0.0260000228882 0.0250000953674
Problem 039: 3.05200004578 3.04999995232 3.05400013924 3.04999995232 3.04999995232 3.05500006676 3.0529999733 3.05399990082 3.05400013924 3.05199980736
Problem 040: 0.18799996376 0.185000181198 0.186999797821 0.186000108719 0.184000015259 0.178999900818 0.180000066757 0.180000066757 0.180999994278 0.181999921799
Problem 041: 1.22500014305 1.22299981117 1.22200012207 1.22399997711 1.22099995613 1.22000002861 1.22399997711 1.25500011444 1.26499986649 1.2650001049
Problem 042: 0.00300002098083 0.00300002098083 0.00300002098083 0.00399994850159 0.00300002098083 0.00300002098083 0.00300002098083 0.00399994850159 0.00300002098083 0.00300002098083
Problem 044: 13.7300000191 13.7920000553 13.7379999161 13.7409999371 13.4690001011 13.6659998894 13.4340000153 13.6010000706 13.7149999142 13.6000001431
Problem 045: 0.055999994278 0.0569999217987 0.0569999217987 0.058000087738 0.055999994278 0.0569999217987 0.0570001602173 0.055999994278 0.0579998493195 0.055999994278
Problem 046: 0.0230000019073 0.0220000743866 0.0220000743866 0.0230000019073 0.021999835968 0.0220000743866 0.0220000743866 0.021999835968 0.0230000019073 0.0220000743866
Problem 047: 0.125 0.125 0.125 0.125 0.126000165939 0.123999834061 0.125 0.124000072479 0.125999927521 0.124000072479
Problem 048: 0.0019998550415 0.00200009346008 0.00300002098083 0.0019998550415 0.00200009346008 0.00200009346008 0.0019998550415 0.00200009346008 0.0019998550415 0.00200009346008
Problem 049: 0.537000179291 0.537999868393 0.536999940872 0.537000179291 0.536999940872 0.537999868393 0.536000013351 0.537000179291 0.536000013351 0.536999940872
Problem 050: 0.344000101089 0.345999956131 0.34500002861 0.346999883652 0.34700012207 0.348999977112 0.356999874115 0.350000143051 0.349999904633 0.348999977112
Problem 051: 5.39600014687 5.40299987793 5.40300011635 5.41400003433 5.40899991989 5.41400003433 5.48199987411 5.43600010872 5.41499996185 5.28200006485
Problem 052: 0.330999851227 0.331000089645 0.332000017166 0.332000017166 0.329999923706 0.332000017166 0.332000017166 0.329999923706 0.332000017166 0.332000017166
Problem 053: 0.0369999408722 0.0369999408722 0.0370001792908 0.0369999408722 0.0360000133514 0.0379998683929 0.0360000133514 0.0370001792908 0.0379998683929 0.0369999408722
Problem 054: 0.0550000667572 0.0539999008179 0.0550000667572 0.0539999008179 0.0550000667572 0.0550000667572 0.0549998283386 0.0540001392365 0.0549998283386 0.0550000667572
Problem 055: 0.0599999427795 0.0590000152588 0.0599999427795 0.0599999427795 0.0590000152588 0.0610001087189 0.0590000152588 0.0599999427795 0.0599999427795 0.0600001811981
Problem 056: 0.326999902725 0.327000141144 0.325999975204 0.328999996185 0.328000068665 0.328999996185 0.327999830246 0.328000068665 0.328999996185 0.328000068665
Problem 057: 0.00200009346008 0.00200009346008 0.00299978256226 0.00200009346008 0.00300002098083 0.00300002098083 0.0019998550415 0.00200009346008 0.00300002098083 0.00300002098083
Problem 058: 2.21700000763 2.21899986267 2.21900010109 2.21900010109 2.22399997711 2.21799993515 2.21700000763 2.21799993515 2.21900010109 2.21700000763
Problem 059: 4.37300014496 4.4929997921 4.51300001144 4.51400017738 4.52300000191 4.52600002289 4.52799987793 4.52300000191 4.51099991798 4.5150001049
Problem 061: 0.00300002098083 0.0019998550415 0.00300002098083 0.00300002098083 0.00200009346008 0.00299978256226 0.00300002098083 0.00200009346008 0.00300002098083 0.00200009346008
Problem 062: 0.0920000076294 0.0910000801086 0.0910000801086 0.0929999351501 0.0909998416901 0.0920000076294 0.0900001525879 0.0880000591278 0.0879998207092 0.0889999866486
Problem 063: 0.0 0.0 0.0 0.0 0.0 0.0 0.0 0.0 0.000999927520752 0.0
Problem 064: 2.06900000572 2.06900000572 2.07100009918 2.07299995422 2.06900000572 2.06999993324 2.06900000572 2.07100009918 2.06900000572 2.06900000572
