# 3.5.2 (v3.5.2:4def2a2901a5, Jun 25 2016, 22:01:18) [MSC v.1900 32 bit (Intel)]
# Windows-10-10.0.10586-SP0
Problem 001: 0.0 0.0005009174346923828 0.0 0.0005006790161132812 0.0 0.0 0.0005006790161132812 0.0 0.0 0.0005006790161132812
Problem 002: 0.0 0.0 0.0 0.0 0.0 0.0 0.0 0.0 0.0 0.0
Problem 003: 0.0005009174346923828 0.0005004405975341797 0.0 0.0005006790161132812 0.0 0.0005009174346923828 0.0005006790161132812 0.0 0.0005009174346923828 0.0
Problem 004: 0.3089752197265625 0.3089749813079834 0.30797338485717773 0.30997633934020996 0.30797386169433594 0.3094756603240967 0.3084743022918701 0.30797338485717773 0.30797362327575684 0.31750059127807617
Problem 005: 0.0 0.0 0.0 0.0 0.0 0.0 0.0 0.0 0.0 0.0
Problem 006: 0.0 0.0 0.0 0.0 0.0 0.0 0.0 0.000484466552734375 0.0 0.0
Problem 007: 0.3946115970611572 0.39560770988464355 0.3946568965911865 0.3951079845428467 0.3946058750152588 0.395111083984375 0.39710307121276855 0.3951115608215332 0.39560866355895996 0.3946065902709961
Problem 008: 0.003004789352416992 0.0030045509338378906 0.0030045509338378906 0.0030045509338378906 0.003004789352416992 0.0030045509338378906 0.0030045509338378906 0.0030045509338378906 0.003004789352416992 0.0030045509338378906
Problem 009: 0.043609619140625 0.04306602478027344 0.04356694221496582 0.04256558418273926 0.04356670379638672 0.04356694221496582 0.04306650161743164 0.043067216873168945 0.04356575012207031 0.04306650161743164
Problem 010: 0.35955262184143066 0.3670647144317627 0.36708974838256836 0.37208104133605957 0.3630490303039551 0.3635590076446533 0.36005377769470215 0.361555814743042 0.3675651550292969 0.3700735569000244
Problem 011: 0.002500295639038086 0.0020067691802978516 0.0015025138854980469 0.0019986629486083984 0.0020029544830322266 0.0015025138854980469 0.0020034313201904297 0.002003192901611328 0.0020067691802978516 0.0015025138854980469
Problem 012: 6.007313966751099 6.001871347427368 6.005788564682007 6.001320838928223 6.0084547996521 6.010285139083862 6.003817319869995 5.9888060092926025 5.98675274848938 5.98887825012207
Problem 013: 0.0 0.0 0.0 0.0 0.0 0.0 0.0 0.0 0.0 0.0
Problem 015: 0.0 0.0 0.0 0.0 0.0 0.0 0.0 0.0 0.0 0.0
Problem 016: 0.0 0.0 0.0 0.0 0.0 0.0 0.0 0.0 0.0 0.0
Problem 017: 0.0015027523040771484 0.001001596450805664 0.0010018348693847656 0.0 0.0 0.0 0.0 0.0 0.0 0.0
Problem 018: 0.0 0.0 0.0 0.0 0.0 0.0 0.0 0.0 0.0 0.0
Problem 019: 0.0 0.0005009174346923828 0.0005006790161132812 0.0005009174346923828 0.0 0.0005006790161132812 0.0005009174346923828 0.0005004405975341797 0.0005009174346923828 0.0
Problem 020: 0.0 0.0 0.0 0.0 0.0 0.0 0.0 0.0 0.0 0.0
Problem 021: 0.013521432876586914 0.014021158218383789 0.014021635055541992 0.01402139663696289 0.01352071762084961 0.014021635055541992 0.013520956039428711 0.01402139663696289 0.013521194458007812 0.013520479202270508
Problem 022: 0.010516166687011719 0.010015487670898438 0.010516166687011719 0.010557174682617188 0.010015487670898438 0.011017084121704102 0.010516166687011719 0.010015487670898438 0.010515928268432617 0.01051640510559082
Problem 023: 3.0136196613311768 3.015143871307373 3.013137102127075 3.015632152557373 3.0137205123901367 3.0116941928863525 3.0131278038024902 3.0285677909851074 3.0136725902557373 3.0161354541778564
Problem 025: 0.11367964744567871 0.1131739616394043 0.11317324638366699 0.1131744384765625 0.1131742000579834 0.1131734848022461 0.11267328262329102 0.1131744384765625 0.11267304420471191 0.11267304420471191
Problem 026: 0.021549224853515625 0.022031784057617188 0.02203655242919922 0.02153182029724121 0.021528959274291992 0.022536516189575195 0.02153325080871582 0.021535634994506836 0.02202916145324707 0.022031545639038086
Problem 027: 1.1327414512634277 1.1337430477142334 1.134744644165039 1.133744239807129 1.134744644165039 1.134744644165039 1.136247158050537 1.1623032093048096 1.170295000076294 1.1704118251800537
Problem 028: 0.0 0.0 0.0005009174346923828 0.0 0.0 0.0 0.0005004405975341797 0.0 0.0 0.0
Problem 029: 0.007996320724487305 0.007022380828857422 0.007516384124755859 0.007010459899902344 0.007512092590332031 0.007521629333496094 0.00699615478515625 0.007009983062744141 0.007516145706176758 0.0075070858001708984
Problem 030: 3.2375030517578125 3.2405266761779785 3.230998992919922 3.232473373413086 3.234070062637329 3.2324700355529785 3.233128070831299 3.2324695587158203 3.2364933490753174 3.2374825477600098
Problem 031: 0.0 0.0005011558532714844 0.0 0.0 0.0005006790161132812 0.0 0.0 0.0 0.0005009174346923828 0.0
Problem 032: 0.17476868629455566 0.1737673282623291 0.17476844787597656 0.1737673282623291 0.17376708984375 0.17476892471313477 0.1737668514251709 0.1737673282623291 0.17376708984375 0.17476892471313477
Problem 033: 0.001001596450805664 0.0015017986297607422 0.0015020370483398438 0.001001596450805664 0.0015070438385009766 0.0010013580322265625 0.0015025138854980469 0.0015025138854980469 0.001001119613647461 0.00150299072265625
Problem 034: 4.812945127487183 4.813958406448364 4.810428619384766 4.815444231033325 4.71773624420166 4.663791656494141 4.665713310241699 4.664243936538696 4.662775039672852 4.669876337051392
Problem 035: 1.4607760906219482 1.4637494087219238 1.4622480869293213 1.4632492065429688 1.4622483253479004 1.4637479782104492 1.461749792098999 1.461294174194336 1.4612417221069336 1.4627494812011719
Problem 036: 0.4296605587005615 0.4301567077636719 0.43016672134399414 0.42915916442871094 0.4296605587005615 0.42865610122680664 0.42916035652160645 0.4296574592590332 0.42916107177734375 0.4286618232727051
Problem 037: 2.1673316955566406 2.1683826446533203 2.1643295288085938 2.1669232845306396 2.1663310527801514 2.1578571796417236 2.1668319702148438 2.167407751083374 2.1668660640716553 2.165877103805542
Problem 038: 0.029042720794677734 0.029041528701782227 0.029044628143310547 0.029547452926635742 0.029047250747680664 0.02904534339904785 0.029040098190307617 0.028548002243041992 0.029044628143310547 0.029044151306152344
Problem 039: 6.949796676635742 6.9583306312561035 6.96478796005249 6.973311185836792 6.968792676925659 6.966742753982544 6.9607834815979 6.965298652648926 6.967757225036621 6.9723827838897705
Problem 040: 0.2874422073364258 0.28794240951538086 0.28797006607055664 0.2894630432128906 0.28794217109680176 0.28698182106018066 0.2874414920806885 0.28291821479797363 0.2926909923553467 0.28794026374816895
Problem 041: 2.559439182281494 2.5599775314331055 2.560441017150879 2.5584895610809326 2.5614848136901855 2.56046199798584 2.5579464435577393 2.5580151081085205 2.557936906814575 2.558483600616455
Problem 042: 0.004506349563598633 0.004507303237915039 0.0050127506256103516 0.004506826400756836 0.0045070648193359375 0.004506826400756836 0.0045070648193359375 0.005007743835449219 0.004501819610595703 0.00500798225402832
Problem 044: 16.77079463005066 16.706462860107422 16.83517098426819 16.806532621383667 16.843705654144287 16.783140182495117 16.799876928329468 16.78813338279724 16.623173713684082 16.78004240989685
Problem 045: 0.0936439037322998 0.09464120864868164 0.09314703941345215 0.09414529800415039 0.0936439037322998 0.0936441421508789 0.09414434432983398 0.09414482116699219 0.0936441421508789 0.0941464900970459
Problem 046: 0.0550847053527832 0.05458378791809082 0.05508112907409668 0.05463385581970215 0.05458402633666992 0.054583072662353516 0.0550847053527832 0.055084943771362305 0.05458378791809082 0.05458378791809082
Problem 047: 0.1512305736541748 0.15073418617248535 0.15073585510253906 0.15073299407958984 0.15122675895690918 0.15173816680908203 0.15172839164733887 0.15073704719543457 0.1512153148651123 0.15124869346618652
Problem 048: 0.002502918243408203 0.002002716064453125 0.002003908157348633 0.002002716064453125 0.0025010108947753906 0.002006053924560547 0.0025000572204589844 0.002002239227294922 0.002503633499145508 0.002003192901611328
Problem 049: 0.7532048225402832 0.7521514892578125 0.754204511642456 0.7537572383880615 0.7551608085632324 0.7536594867706299 0.7536585330963135 0.752657413482666 0.7526664733886719 0.7517411708831787
Problem 050: 0.49976420402526855 0.4922618865966797 0.4957613945007324 0.49877262115478516 0.49375295639038086 0.492753267288208 0.4972691535949707 0.49475550651550293 0.4922616481781006 0.49526214599609375
Problem 051: 9.314433097839355 9.373173713684082 9.291923999786377 9.342894792556763 9.375488519668579 9.383558511734009 9.377599954605103 9.347949743270874 9.357144117355347 9.204362154006958
Problem 052: 0.3420259952545166 0.34302711486816406 0.34302759170532227 0.3445465564727783 0.353043794631958 0.3525412082672119 0.35404419898986816 0.35303807258605957 0.35304856300354004 0.35353803634643555
Problem 053: 0.016524791717529297 0.017026185989379883 0.0165255069732666 0.017026185989379883 0.0165252685546875 0.017026185989379883 0.017026662826538086 0.0165252685546875 0.0165250301361084 0.016525745391845703
Problem 054: 0.08062505722045898 0.08112573623657227 0.08112359046936035 0.0801231861114502 0.08111977577209473 0.08112454414367676 0.08062863349914551 0.08112549781799316 0.08160829544067383 0.0801401138305664
Problem 055: 0.056086063385009766 0.055585384368896484 0.0550847053527832 0.05708813667297363 0.05558514595031738 0.05608630180358887 0.055585384368896484 0.056086063385009766 0.055585622787475586 0.05658698081970215
Problem 056: 0.18328118324279785 0.18328332901000977 0.18327665328979492 0.18378686904907227 0.18428373336791992 0.18232512474060059 0.18428373336791992 0.18378305435180664 0.18327713012695312 0.18328619003295898
Problem 057: 0.009019136428833008 0.008512496948242188 0.009013891220092773 0.009014129638671875 0.009009122848510742 0.009014368057250977 0.009012937545776367 0.008519172668457031 0.009010553359985352 0.009011983871459961
Problem 058: 6.700809717178345 6.475568532943726 6.464523553848267 6.469095706939697 6.474124193191528 6.469673156738281 6.4715330600738525 6.4700775146484375 6.543653964996338 6.461143255233765
Problem 059: 7.906482458114624 7.9068615436553955 7.902701377868652 7.897259950637817 7.898848533630371 7.9032673835754395 7.893862724304199 7.891714334487915 7.896299839019775 7.8917481899261475
Problem 061: 0.004006624221801758 0.0040056705474853516 0.004015684127807617 0.0039980411529541016 0.005007743835449219 0.00400543212890625 0.004006624221801758 0.00400090217590332 0.004005908966064453 0.004010438919067383
Problem 062: 0.07311248779296875 0.07361316680908203 0.07311248779296875 0.07311224937438965 0.07411408424377441 0.07311201095581055 0.07361340522766113 0.07261180877685547 0.07311248779296875 0.07261133193969727
Problem 063: 0.0 0.0 0.0005009174346923828 0.0 0.0 0.0 0.0005006790161132812 0.0 0.0 0.0
Problem 064: 6.55308198928833 6.554203510284424 6.541179895401001 6.566697359085083 6.557150363922119 6.576644659042358 6.55114483833313 6.550128221511841 6.454989194869995 6.35777473449707
