# 2.7.6 (IronPython 2.7.6.3 (2.7.6.3) on Mono 4.0.30319.42000 (64-bit))
# posix
Problem 001: 0.000396728515625 0.000267028808594 0.000167846679688 0.000152587890625 0.000137329101563 0.000152587890625 0.000152587890625 0.000152587890625 0.000137329101563 0.000152587890625
Problem 002: 1.52587890625e-05 0.000282287597656 7.62939453125e-06 7.62939453125e-06 1.52587890625e-05 7.62939453125e-06 1.52587890625e-05 1.52587890625e-05 7.62939453125e-06 1.52587890625e-05
Problem 003: 0.0832214355469 0.0810089111328 0.0731811523438 0.0744705200195 0.0811920166016 0.0838470458984 0.0845031738281 0.0718841552734 0.0776443481445 0.0737915039063
Problem 004: 0.687171936035 0.678260803223 0.688613891602 0.70361328125 0.685844421387 0.676734924316 0.677711486816 0.681571960449 0.675239562988 0.681587219238
Problem 005: 1.52587890625e-05 1.52587890625e-05 7.62939453125e-06 1.52587890625e-05 7.62939453125e-06 1.52587890625e-05 1.52587890625e-05 1.52587890625e-05 1.52587890625e-05 1.52587890625e-05
Problem 006: 7.62939453125e-05 3.81469726563e-05 2.28881835938e-05 2.28881835938e-05 3.0517578125e-05 3.81469726563e-05 2.28881835938e-05 2.28881835938e-05 3.81469726563e-05 2.28881835938e-05
Problem 007: 0.210647583008 0.209892272949 0.211700439453 0.20824432373 0.213226318359 0.208885192871 0.225982666016 0.211402893066 0.212608337402 0.215141296387
Problem 008: 0.00263977050781 0.00266265869141 0.00257873535156 0.00263214111328 0.00257110595703 0.00274658203125 0.00258636474609 0.00266265869141 0.00560760498047 0.004150390625
Problem 009: 0.0413665771484 0.0439224243164 0.0379409790039 0.0409851074219 0.0385665893555 0.0382614135742 0.0384750366211 0.0399017333984 0.0385208129883 0.0388870239258
Problem 010: 0.844734191895 0.868148803711 0.862281799316 0.849136352539 0.833953857422 0.823249816895 0.845657348633 0.845634460449 0.82341003418 0.861236572266
Problem 011: 0.00334167480469 0.00127410888672 0.00129699707031 0.00125122070313 0.00125122070313 0.00125885009766 0.00125122070313 0.00125122070313 0.00125122070313 0.00126647949219
Problem 012: 7.42090606689 7.41921234131 7.37809753418 7.41985321045 7.43336486816 7.40500640869 7.42485046387 7.47180938721 7.54360198975 7.42268371582
Problem 013: 3.81469726563e-05 2.28881835938e-05 7.62939453125e-06 1.52587890625e-05 3.0517578125e-05 2.28881835938e-05 3.0517578125e-05 2.28881835938e-05 2.28881835938e-05 3.0517578125e-05
Problem 015: 0.000137329101563 3.0517578125e-05 1.52587890625e-05 7.62939453125e-06 0.000129699707031 2.28881835938e-05 2.28881835938e-05 3.0517578125e-05 2.28881835938e-05 1.52587890625e-05
Problem 016: 0.000106811523438 9.1552734375e-05 9.1552734375e-05 8.39233398438e-05 9.1552734375e-05 9.1552734375e-05 8.39233398438e-05 9.1552734375e-05 7.62939453125e-05 8.39233398438e-05
Problem 017: 0.0010986328125 0.00108337402344 0.00109100341797 0.00110626220703 0.0010986328125 0.00294494628906 0.00140380859375 0.00108337402344 0.00109100341797 0.00108337402344
Problem 018: 6.86645507813e-05 6.86645507813e-05 6.103515625e-05 6.103515625e-05 5.34057617188e-05 6.86645507813e-05 6.103515625e-05 6.86645507813e-05 6.103515625e-05 4.57763671875e-05
Problem 019: 0.00054931640625 0.000541687011719 0.000534057617188 0.000534057617188 0.000534057617188 0.000534057617188 0.000541687011719 0.000541687011719 0.000556945800781 0.00054931640625
Problem 020: 7.62939453125e-05 7.62939453125e-05 7.62939453125e-05 7.62939453125e-05 6.103515625e-05 6.103515625e-05 6.103515625e-05 7.62939453125e-05 7.62939453125e-05 7.62939453125e-05
Problem 021: 0.0196228027344 0.0200805664063 0.0385665893555 0.0191497802734 0.0223617553711 0.01953125 0.0201568603516 0.0226058959961 0.0199127197266 0.0394515991211
Problem 022: 0.0151214599609 0.0129318237305 0.0150680541992 0.0122146606445 0.014533996582 0.0121612548828 0.0151519775391 0.0127258300781 0.0134735107422 0.0310821533203
Problem 023: 4.11467742920 4.18589782715 4.16986846924 4.21318817139 4.17456817627 4.16693878174 4.17553710938 4.17683410645 4.16873168945 4.09029388428
Problem 025: 0.238403320313 0.227920532227 0.244064331055 0.230155944824 0.247589111328 0.227684020996 0.235992431641 0.228385925293 0.228721618652 0.231758117676
Problem 026: 0.0490493774414 0.0321807861328 0.0325241088867 0.0457534790039 0.0325393676758 0.0483016967773 0.0391845703125 0.0567169189453 0.0320129394531 0.0324478149414
Problem 027: 0.957618713379 0.965026855469 0.961181640625 0.974029541016 0.965370178223 0.970840454102 0.961036682129 0.96964263916 0.966957092285 0.966567993164
Problem 028: 0.000129699707031 0.000114440917969 0.0001220703125 0.000129699707031 0.000129699707031 0.00240325927734 0.000259399414063 0.000114440917969 0.000114440917969 0.000114440917969
Problem 029: 0.0252914428711 0.0254821777344 0.0174560546875 0.0249862670898 0.0253753662109 0.0175094604492 0.0249252319336 0.0254440307617 0.0351867675781 0.0242691040039
Problem 030: 3.27302551270 3.26316833496 3.26469421387 3.25606536865 3.26950073242 3.24034881592 3.14807128906 3.21623229980 3.25949096680 3.23023223877
Problem 031: 0.000244140625 0.000213623046875 0.000213623046875 0.000221252441406 0.000213623046875 0.000221252441406 0.000221252441406 0.000228881835938 0.000221252441406 0.000221252441406
Problem 032: 0.245132446289 0.241775512695 0.245170593262 0.243202209473 0.242485046387 0.241409301758 0.242607116699 0.241508483887 0.258331298828 0.241348266602
Problem 033: 0.000938415527344 0.00091552734375 0.000938415527344 0.000930786132813 0.000938415527344 0.000930786132813 0.000923156738281 0.00091552734375 0.000923156738281 0.000930786132813
Problem 034: 3.41858673096 3.38399505615 3.4169921875 3.43540191650 3.54425811768 3.46697235107 3.40326690674 3.40531158447 3.43928527832 3.3994140625
Problem 035: 4.63954162598 4.68834686279 4.64787292480 4.68719482422 4.64598083496 4.65538787842 4.71809387207 4.68904113770 4.66734313965 4.77519226074
Problem 036: 0.786651611328 0.808204650879 0.792701721191 0.79825592041 0.797210693359 0.778869628906 0.763626098633 0.753173828125 0.758590698242 0.768623352051
Problem 037: 1.40207672119 1.43408966064 1.43876647949 1.43364715576 1.44007873535 1.44403839111 1.43144226074 1.43688201904 1.43558502197 1.42804718018
Problem 038: 0.0556030273438 0.0564346313477 0.0568313598633 0.0574417114258 0.0544891357422 0.0563659667969 0.0583343505859 0.0552444458008 0.0781326293945 0.0578460693359
Problem 039: 5.85437774658 5.83892822266 5.87483215332 5.95063018799 5.89597320557 5.87239837646 5.93601989746 5.98874664307 5.94145202637 5.84815216064
Problem 040: 0.494354248047 0.505195617676 0.515251159668 0.514686584473 0.519943237305 0.516014099121 0.515258789063 0.524391174316 0.518295288086 0.507926940918
Problem 041: 2.36404418945 2.36527252197 2.36472320557 2.34251403809 2.28195190430 2.29765319824 2.37683868408 2.36602783203 2.46164703369 2.45677947998
Problem 042: 0.00557708740234 0.00736236572266 0.00554656982422 0.00554656982422 0.00743865966797 0.00554656982422 0.00556182861328 0.00754547119141 0.00556182861328 0.00567626953125
Problem 044: 29.9092864990 29.8425445557 29.8069763184 30.2470550537 30.0987243652 29.6622085571 29.8538742065 30.2092666626 29.9649658203 29.9343795776
Problem 045: 0.0865173339844 0.090576171875 0.0835571289063 0.0839996337891 0.0838775634766 0.0838775634766 0.0838775634766 0.0907363891602 0.0876159667969 0.0937347412109
Problem 046: 0.0277709960938 0.0277862548828 0.0278167724609 0.0277404785156 0.0278015136719 0.0297012329102 0.0278167724609 0.0277252197266 0.0275115966797 0.0277557373047
Problem 047: 0.656295776367 0.656608581543 0.655349731445 0.641983032227 0.680419921875 0.651229858398 0.654159545898 0.63907623291 0.671127319336 0.646423339844
Problem 048: 0.00290679931641 0.00290679931641 0.00289154052734 0.00291442871094 0.00290679931641 0.00289154052734 0.00498962402344 0.00289154052734 0.00288391113281 0.00287628173828
Problem 049: 1.50219726563 1.50106048584 1.45915222168 1.48516845703 1.45397186279 1.44820404053 1.50023651123 1.49864959717 1.54252624512 1.50792694092
Problem 050: 0.832023620605 0.850570678711 0.796325683594 0.820220947266 0.822731018066 0.789627075195 0.846229553223 0.849830627441 0.81615447998 0.845237731934
Problem 051: 8.94695281982 8.76123046875 8.98218536377 8.85478210449 8.88638305664 8.91982269287 8.81903076172 8.98918151855 8.88293457031 8.89942169189
Problem 052: 1.19623565674 1.14817810059 1.08559417725 1.15047454834 1.17119598389 1.11201477051 1.14491271973 1.09329986572 1.15247344971 1.11423492432
Problem 053: 0.169921875 0.166923522949 0.175117492676 0.170249938965 0.183555603027 0.171287536621 0.175201416016 0.167114257813 0.169006347656 0.167701721191
Problem 054: 0.0985641479492 0.101036071777 0.0980377197266 0.0980834960938 0.101676940918 0.101707458496 0.0989837646484 0.0984573364258 0.0983200073242 0.101943969727
Problem 055: 0.16136932373 0.150848388672 0.156684875488 0.151123046875 0.150985717773 0.155044555664 0.151214599609 0.154205322266 0.151313781738 0.154945373535
Problem 056: 0.222061157227 0.215347290039 0.221183776855 0.213676452637 0.218406677246 0.216064453125 0.214134216309 0.21866607666 0.212913513184 0.217315673828
Problem 057: 0.0190734863281 0.0212326049805 0.0210647583008 0.0190505981445 0.0211029052734 0.0190353393555 0.0208511352539 0.0209197998047 0.0191116333008 0.0243988037109
Problem 058: 4.46345520020 4.50621795654 4.54071044922 4.49601745605 4.41189575195 4.39402770996 4.53952026367 4.54150390625 4.46923828125 4.43521118164
Problem 059: 8.20943450928 8.0341796875 8.17525482178 8.07437896729 8.07480621338 8.24084472656 8.05671691895 8.05951690674 8.12753295898 8.10324859619
Problem 061: 0.00596618652344 0.00314331054688 0.00313568115234 0.00313568115234 0.00313568115234 0.003173828125 0.00572204589844 0.00314331054688 0.00313568115234 0.00312042236328
Problem 062: 0.119079589844 0.129722595215 0.122573852539 0.151351928711 0.118064880371 0.122032165527 0.118591308594 0.122085571289 0.119575500488 0.128974914551
Problem 063: 0.0001220703125 0.000129699707031 0.0001220703125 0.000129699707031 0.000129699707031 0.0001220703125 0.000129699707031 0.000129699707031 0.0001220703125 0.000129699707031
Problem 064: 3.08638763428 3.01998901367 2.98147583008 3.10279846191 3.11978149414 3.09512329102 3.08956146240 3.11075592041 3.09629058838 2.99401092529
