# 2.7.0 (default:9987c746f838, Apr 29 2015, 02:25:11) 
# [Java HotSpot(TM) 64-Bit Server VM (Oracle Corporation)]
# Java-1.8.0_112-Java_HotSpot-TM-_64-Bit_Server_VM,_25.112-b16,_Oracle_Corporation-on-Mac_OS_X-10.11.6-x86_64
Problem 001: 0.000999927520752 0.000999927520752 0.00100016593933 0.000999927520752 0.000999927520752 0.00100016593933 0.000999927520752 0.0 0.000999927520752 0.0
Problem 002: 0.0 0.0 0.0 0.000999927520752 0.0 0.0 0.0 0.0 0.0 0.0
Problem 003: 0.0110001564026 0.0119998455048 0.0110001564026 0.0119998455048 0.0120000839233 0.010999917984 0.0120000839233 0.010999917984 0.0210001468658 0.0269999504089
Problem 004: 0.281000137329 0.284999847412 0.281000137329 0.279000043869 0.284999847412 0.280000209808 0.286999940872 0.280999898911 0.285000085831 0.27999997139
Problem 005: 0.0 0.0 0.0 0.0 0.0 0.000999927520752 0.0 0.0 0.0 0.0
Problem 006: 0.0 0.0 0.0 0.0 0.0 0.0 0.0 0.0 0.0 0.0
Problem 007: 0.200999975204 0.197000026703 0.200000047684 0.197999954224 0.197000026703 0.200000047684 0.197000026703 0.197999954224 0.197000026703 0.197000026703
Problem 008: 0.00300002098083 0.00300002098083 0.00300002098083 0.00300002098083 0.00300002098083 0.00300002098083 0.00300002098083 0.00300002098083 0.00399994850159 0.00399994850159
Problem 009: 0.0230000019073 0.0230000019073 0.0220000743866 0.0239999294281 0.0230000019073 0.0220000743866 0.0230000019073 0.0230000019073 0.021999835968 0.0230000019073
Problem 010: 0.729000091553 0.428999900818 0.434000015259 0.443000078201 0.453000068665 0.450999975204 0.43700003624 0.439999818802 0.433000087738 0.43799996376
Problem 011: 0.00300002098083 0.00300002098083 0.00200009346008 0.00300002098083 0.00300002098083 0.0019998550415 0.00300002098083 0.00300002098083 0.00200009346008 0.00300002098083
Problem 012: 4.53600001335 4.52600002289 4.53799986839 4.52999997139 4.54700016975 4.35099983215 4.52100014687 4.51999998093 4.52399992943 4.53600001335
Problem 013: 0.0 0.0 0.0 0.0 0.0 0.00100016593933 0.0 0.0 0.0 0.0
Problem 015: 0.0 0.0 0.0 0.0 0.0 0.0 0.0 0.0 0.0 0.0
Problem 016: 0.0 0.0 0.000999927520752 0.0 0.0 0.0 0.0 0.0 0.000999927520752 0.0
Problem 017: 0.00100016593933 0.000999927520752 0.000999927520752 0.00100016593933 0.000999927520752 0.000999927520752 0.00100016593933 0.000999927520752 0.000999927520752 0.000999927520752
Problem 018: 0.0 0.0 0.000999927520752 0.0 0.0 0.00100016593933 0.0 0.0 0.000999927520752 0.0
Problem 019: 0.00600004196167 0.00599980354309 0.00500011444092 0.00600004196167 0.00600004196167 0.00499987602234 0.00600004196167 0.00600004196167 0.00499987602234 0.00600004196167
Problem 020: 0.0 0.0 0.0 0.0 0.0 0.0 0.0 0.000999927520752 0.0 0.0
Problem 021: 0.0130000114441 0.0130000114441 0.0120000839233 0.0130000114441 0.0130000114441 0.0119998455048 0.0130000114441 0.0130000114441 0.0120000839233 0.0130000114441
Problem 022: 0.010999917984 0.00999999046326 0.00999999046326 0.0110001564026 0.00999999046326 0.00999999046326 0.010999917984 0.00999999046326 0.00999999046326 0.00999999046326
Problem 023: 2.94099998474 2.90799999237 2.88300013542 2.93099999428 2.9240000248 2.96499991417 2.91400003433 2.93000006676 2.86299991608 2.80599999428
Problem 025: 0.134999990463 0.139999866486 0.142000198364 0.135999917984 0.132999897003 0.133000135422 0.132999897003 0.136000156403 0.148999929428 0.134000062943
Problem 026: 0.0190000534058 0.0169999599457 0.0169999599457 0.0169999599457 0.0169999599457 0.0170001983643 0.0169999599457 0.0169999599457 0.0169999599457 0.0169999599457
Problem 027: 1.55700016022 1.54199981689 1.5490000248 1.55900001526 1.53400015831 1.48199987411 1.43600010872 1.41999983788 1.42300009727 1.41700005531
Problem 028: 0.0 0.000999927520752 0.0 0.0 0.0 0.0 0.0 0.00100016593933 0.0 0.0
Problem 029: 0.0090000629425 0.00899982452393 0.0090000629425 0.0090000629425 0.00799989700317 0.0090000629425 0.0090000629425 0.00899982452393 0.00800013542175 0.0090000629425
Problem 030: 4.20900011063 4.22199988365 3.81299996376 4.16700005531 3.91499996185 4.2460000515 3.91400003433 4.20600008965 3.92699980736 4.18700003624
Problem 031: 0.00100016593933 0.0 0.0 0.0 0.0 0.000999927520752 0.0 0.0 0.0 0.0
Problem 032: 0.183000087738 0.190999984741 0.18499994278 0.181999921799 0.184000015259 0.194000005722 0.194000005722 0.191999912262 0.193000078201 0.19000005722
Problem 033: 0.0019998550415 0.00100016593933 0.0019998550415 0.00200009346008 0.00200009346008 0.0019998550415 0.00200009346008 0.0019998550415 0.00200009346008 0.00200009346008
Problem 034: 3.89899992943 4.06699991226 3.94500017166 3.882999897 4.03299999237 3.95900011063 3.90199995041 3.88899993896 3.91199994087 3.91500020027
Problem 035: nan nan nan nan nan nan nan nan nan nan
Problem 036: nan nan nan nan nan nan nan nan nan nan
Problem 037: nan nan nan nan nan nan nan nan nan nan
Problem 038: nan nan nan nan nan nan nan nan nan nan
Problem 039: nan nan nan nan nan nan nan nan nan nan
Problem 040: nan nan nan nan nan nan nan nan nan nan
Problem 041: 2.04600000381 2.07100009918 1.92100000381 2.05099987984 2.07100009918 2.05900001526 1.94099998474 2.05399990082 2.05500006676 2.05599999428
Problem 042: 0.0090000629425 0.0090000629425 0.00899982452393 0.00999999046326 0.0090000629425 0.0090000629425 0.00999999046326 0.00999999046326 0.0090000629425 0.00799989700317
Problem 044: 21.8129999638 22.0859999657 24.3270001411 21.9829998016 21.8930001259 24.3229999542 21.7119998932 21.9970002174 24.2589998245 21.867000103
Problem 045: 0.0680000782013 0.0680000782013 0.0679998397827 0.069000005722 0.0840001106262 0.0680000782013 0.0679998397827 0.0670001506805 0.0679998397827 0.0680000782013
Problem 046: 0.0320000648499 0.0340001583099 0.0319998264313 0.0340001583099 0.0329999923706 0.0329999923706 0.0329999923706 0.0319998264313 0.0329999923706 0.0329999923706
Problem 047: nan nan nan nan nan nan nan nan nan nan
Problem 048: nan nan nan nan nan nan nan nan nan nan
Problem 049: nan nan nan nan nan nan nan nan nan nan
Problem 050: nan nan nan nan nan nan nan nan nan nan
Problem 051: nan nan nan nan nan nan nan nan nan nan
Problem 052: 75.4820001125 71.8389999866 67.9649999142 69.0490000248 62.4240000248 72.8510000706 68.1319999695 69.4370000362 65.1199998856 65.4179999828
Problem 053: 0.132999897003 0.12299990654 0.134000062943 0.125999927521 0.126000165939 0.131999969482 0.125 0.131999969482 0.12299990654 0.131999969482
Problem 054: 0.103000164032 0.100999832153 0.453000068665 0.109999895096 0.104000091553 0.101999998093 0.110000133514 0.101999998093 0.101999998093 0.46599984169
Problem 055: 0.143000125885 0.143999814987 0.147000074387 0.147000074387 0.146999835968 0.145000219345 0.146999835968 0.148000001907 0.144000053406 0.144000053406
Problem 056: 0.25 0.276000022888 0.248999834061 0.27999997139 0.249000072479 0.279000043869 0.24799990654 0.287000179291 0.25 0.280999898911
Problem 057: 0.0209999084473 0.0199999809265 0.0199999809265 0.0210001468658 0.0199999809265 0.0199999809265 0.0199999809265 0.0199999809265 0.0250000953674 0.0209999084473
Problem 058: 4.02500009537 4.02399992943 4.06900000572 4.24300003052 4.39899992943 4.17600011826 4.03699994087 4.04399991035 4.03600001335 4.02800011635
Problem 059: 6.50999999046 6.73699998856 6.67700004578 6.6099998951 6.71399998665 6.59100008011 6.84200000763 6.58800005913 6.63899993896 6.80200004578
Problem 061: 0.00399994850159 0.00499987602234 0.00300002098083 0.00399994850159 0.00400018692017 0.00300002098083 0.00399994850159 0.00399994850159 0.00399994850159 0.00300002098083
Problem 062: 0.141000032425 0.142000198364 0.141999959946 0.139999866486 0.139000177383 0.148000001907 0.298999786377 0.142000198364 0.138000011444 0.138999938965
Problem 063: 0.0 0.0 0.00100016593933 0.0 0.0 0.0 0.0 0.0 0.0 0.0
Problem 064: 2.86100006104 2.84099984169 2.83700013161 2.85899996758 2.83400011063 2.83999991417 2.84400010109 2.83099985123 2.83599996567 2.83100008965
