# 2.7.12 (aff251e543859ce4508159dd9f1a82a2f553de00, Nov 13 2016, 01:57:35)
# [PyPy 5.6.0 with GCC 4.2.1 Compatible Apple LLVM 8.0.0 (clang-800.0.42.1)]
# Darwin-15.6.0-x86_64-i386-64bit
Problem 001: 4.19616699219e-05 4.31537628174e-05 9.48905944824e-05 4.38690185547e-05 4.19616699219e-05 4.29153442383e-05 4.10079956055e-05 4.19616699219e-05 4.19616699219e-05 4.2200088501e-05
Problem 002: 5.96046447754e-06 5.96046447754e-06 5.00679016113e-06 5.00679016113e-06 5.00679016113e-06 5.00679016113e-06 5.00679016113e-06 5.00679016113e-06 5.00679016113e-06 5.00679016113e-06
Problem 003: 6.103515625e-05 5.88893890381e-05 6.19888305664e-05 5.88893890381e-05 5.98430633545e-05 5.91278076172e-05 6.00814819336e-05 6.00814819336e-05 5.88893890381e-05 5.91278076172e-05
Problem 004: 0.0563821792603 0.0564558506012 0.0563969612122 0.0570130348206 0.0563459396362 0.0579288005829 0.0589818954468 0.0563471317291 0.0564301013947 0.0564098358154
Problem 005: 1.31130218506e-05 1.28746032715e-05 1.31130218506e-05 1.19209289551e-05 1.28746032715e-05 1.21593475342e-05 1.28746032715e-05 1.19209289551e-05 1.31130218506e-05 1.19209289551e-05
Problem 006: 1.31130218506e-05 1.28746032715e-05 1.21593475342e-05 1.19209289551e-05 1.21593475342e-05 1.19209289551e-05 1.09672546387e-05 1.19209289551e-05 1.09672546387e-05 1.21593475342e-05
Problem 007: 0.0753080844879 0.0739049911499 0.0737628936768 0.0777451992035 0.073853969574 0.0738971233368 0.073842048645 0.0735969543457 0.0735650062561 0.0745799541473
Problem 008: 0.00105881690979 0.000991106033325 0.00107216835022 0.000991821289062 0.00100803375244 0.00101089477539 0.00102186203003 0.00098991394043 0.000993967056274 0.000991106033325
Problem 009: 0.000564813613892 0.000561952590942 0.000560998916626 0.000561952590942 0.000560998916626 0.000560998916626 0.000560998916626 0.000581979751587 0.000562191009521 0.000560998916626
Problem 010: 0.13290309906 0.132455825806 0.13419508934 0.132785081863 0.131372928619 0.132523059845 0.13210606575 0.133064985275 0.131181001663 0.131262779236
Problem 011: 0.000179052352905 0.000189065933228 0.000179052352905 0.000177145004272 0.000187873840332 0.000178098678589 0.000185966491699 0.00201892852783 0.000197887420654 0.000197172164917
Problem 012: 0.905790090561 0.901116847992 0.911807060242 0.894988059998 0.901646852493 0.904054164886 0.929710149765 0.899399995804 0.901666164398 0.901465892792
Problem 013: 1.09672546387e-05 1.00135803223e-05 1.00135803223e-05 9.05990600586e-06 9.05990600586e-06 9.05990600586e-06 7.86781311035e-06 8.82148742676e-06 7.86781311035e-06 9.05990600586e-06
Problem 015: 2.59876251221e-05 2.59876251221e-05 2.50339508057e-05 2.59876251221e-05 2.50339508057e-05 2.40802764893e-05 2.50339508057e-05 2.50339508057e-05 2.50339508057e-05 2.40802764893e-05
Problem 016: 4.60147857666e-05 4.50611114502e-05 4.29153442383e-05 4.38690185547e-05 4.41074371338e-05 4.38690185547e-05 4.38690185547e-05 4.31537628174e-05 4.38690185547e-05 4.38690185547e-05
Problem 017: 0.000303983688354 0.000208139419556 0.000202178955078 0.000202178955078 0.000200986862183 0.000200986862183 0.000200986862183 0.000200986862183 0.000200033187866 0.000200986862183
Problem 018: 2.19345092773e-05 2.21729278564e-05 2.09808349609e-05 2.09808349609e-05 2.19345092773e-05 2.09808349609e-05 3.19480895996e-05 2.90870666504e-05 2.78949737549e-05 2.88486480713e-05
Problem 019: 0.0001380443573 0.000135898590088 0.000134944915771 0.000134944915771 0.000145196914673 0.000174045562744 0.0001380443573 0.000135898590088 0.000135898590088 0.000135183334351
Problem 020: 5.48362731934e-05 5.60283660889e-05 5.48362731934e-05 5.50746917725e-05 5.41210174561e-05 5.50746917725e-05 5.3882598877e-05 5.48362731934e-05 5.3882598877e-05 0.00011682510376
Problem 021: 0.000609874725342 0.00049901008606 0.000586986541748 0.00049901008606 0.000560998916626 0.000581026077271 0.000498056411743 0.000555038452148 0.00049901008606 0.000595092773438
Problem 022: 0.00239706039429 0.0023820400238 0.00239205360413 0.00239205360413 0.00237798690796 0.00238990783691 0.00241208076477 0.00238704681396 0.00238299369812 0.0023820400238
Problem 023: 0.148364067078 0.148626089096 0.150975942612 0.148905038834 0.148047924042 0.151504993439 0.155749082565 0.160279989243 0.158311128616 0.155009031296
Problem 025: 0.110146999359 0.111987113953 0.109172821045 0.110100984573 0.116330862045 0.109501123428 0.109256029129 0.110087871552 0.117863893509 0.109923124313
Problem 026: 0.0057590007782 0.00575304031372 0.00575685501099 0.00575804710388 0.00573801994324 0.00575995445251 0.00582218170166 0.00576591491699 0.00576281547546 0.00574898719788
Problem 027: 0.278927087784 0.274946928024 0.27813410759 0.284111022949 0.280386209488 0.279402017593 0.285120010376 0.292984008789 0.292067050934 0.29668211937
Problem 028: 3.21865081787e-05 3.21865081787e-05 3.09944152832e-05 3.21865081787e-05 3.09944152832e-05 3.09944152832e-05 3.09944152832e-05 3.19480895996e-05 3.09944152832e-05 3.19480895996e-05
Problem 029: 0.0158939361572 0.0158009529114 0.0230188369751 0.0167739391327 0.017529964447 0.0160429477692 0.0159170627594 0.0158009529114 0.0219640731812 0.0166771411896
Problem 030: 0.674302101135 0.66718006134 0.651731014252 0.642235994339 0.652587890625 0.640193939209 0.640423059464 0.642077922821 0.642997980118 0.645012140274
Problem 031: 1.09672546387e-05 1.00135803223e-05 1.09672546387e-05 1.00135803223e-05 9.05990600586e-06 1.00135803223e-05 9.05990600586e-06 9.05990600586e-06 1.00135803223e-05 1.00135803223e-05
Problem 032: 0.0505368709564 0.0504958629608 0.0505089759827 0.0504269599915 0.0504059791565 0.0504639148712 0.0513021945953 0.0527510643005 0.0505368709564 0.0507709980011
Problem 033: 6.79492950439e-05 6.89029693604e-05 6.89029693604e-05 6.79492950439e-05 6.79492950439e-05 6.79492950439e-05 6.8187713623e-05 6.79492950439e-05 6.79492950439e-05 6.79492950439e-05
Problem 034: 0.626020908356 0.640147209167 0.624886035919 0.62219285965 0.625450134277 0.627060890198 0.624533891678 0.627898931503 0.623281002045 0.644969940186
Problem 035: 0.136604070663 0.132045030594 0.134614944458 0.131975889206 0.139589071274 0.142422914505 0.134459972382 0.1343729496 0.131816864014 0.136518955231
Problem 036: 0.0708029270172 0.0715329647064 0.0710108280182 0.0708491802216 0.0709450244904 0.0730850696564 0.0708940029144 0.0712289810181 0.0826539993286 0.0731229782104
Problem 037: 0.443800926208 0.439352989197 0.438715934753 0.442622184753 0.442395925522 0.438920021057 0.438305854797 0.463622808456 0.441876888275 0.445635080338
Problem 038: 0.0103211402893 0.010363817215 0.0103209018707 0.0103561878204 0.0103590488434 0.0103859901428 0.0110859870911 0.011904001236 0.010390996933 0.0103449821472
Problem 039: 0.377336978912 0.380431175232 0.378456115723 0.386165857315 0.376123905182 0.378005027771 0.38162112236 0.378207921982 0.377029180527 0.378179073334
Problem 040: 0.289593935013 0.286314964294 0.291217088699 0.274949789047 0.291641950607 0.277830839157 0.291957855225 0.278121948242 0.292711019516 0.277786016464
Problem 041: 0.245151042938 0.24792098999 0.245131015778 0.245049953461 0.238677024841 0.233517169952 0.237941026688 0.234717130661 0.243276119232 0.232949972153
Problem 042: 0.000680923461914 0.000674962997437 0.00068211555481 0.000683069229126 0.000860214233398 0.000920057296753 0.00092601776123 0.000908851623535 0.000808000564575 0.000779151916504
Problem 044: 3.06816005707 3.03223490715 3.04970908165 3.05734801292 3.05103993416 3.04769706726 3.06222510338 3.03369998932 3.03937292099 3.0509660244
Problem 045: 0.00100088119507 0.00102806091309 0.00103402137756 0.00100421905518 0.000998973846436 0.000998973846436 0.000996112823486 0.00100207328796 0.000998020172119 0.000998973846436
Problem 046: 0.00442409515381 0.00441408157349 0.00441884994507 0.00442409515381 0.00450801849365 0.00442719459534 0.00452995300293 0.00469183921814 0.00442600250244 0.00452589988708
Problem 047: 0.0575702190399 0.0582458972931 0.0584380626678 0.0641009807587 0.0588619709015 0.0582869052887 0.0587451457977 0.0584352016449 0.0591540336609 0.0583581924438
Problem 048: 0.00342988967896 0.00336599349976 0.00337100028992 0.00336885452271 0.00336289405823 0.00335907936096 0.00336408615112 0.00336599349976 0.00336408615112 0.00340795516968
Problem 049: 0.172487020493 0.157215118408 0.156630992889 0.174806833267 0.157113075256 0.157813072205 0.162230014801 0.157198190689 0.156822919846 0.160612106323
Problem 050: 0.159773826599 0.12292599678 0.123226165771 0.155134916306 0.155742883682 0.122231960297 0.169008970261 0.122144937515 0.123633146286 0.144800186157
Problem 051: 1.02385115623 0.991194963455 1.0193669796 1.00233983994 1.01341605186 0.98712515831 1.01624822617 0.985558986664 1.03173208237 0.987367868423
Problem 052: 0.0989480018616 0.0976810455322 0.0904800891876 0.0990681648254 0.0921249389648 0.0928270816803 0.0921609401703 0.0923268795013 0.0926179885864 0.096629858017
Problem 053: 0.0236260890961 0.0263991355896 0.0224549770355 0.0222690105438 0.0221819877625 0.0221991539001 0.0222010612488 0.0222389698029 0.0223698616028 0.0222101211548
Problem 054: 0.0141930580139 0.0141780376434 0.0141539573669 0.0142080783844 0.0152659416199 0.0150611400604 0.01442694664 0.0174021720886 0.0151579380035 0.0142290592194
Problem 055: 0.0143489837646 0.0143949985504 0.0144209861755 0.0143921375275 0.0172891616821 0.0143389701843 0.0142850875854 0.014279127121 0.0142319202423 0.0142378807068
Problem 056: 0.101978063583 0.10199213028 0.101987838745 0.101902008057 0.106778144836 0.102255105972 0.108023166656 0.102499008179 0.103646993637 0.104241847992
Problem 057: 0.0149939060211 0.0150151252747 0.0150210857391 0.0149621963501 0.014965057373 0.0163509845734 0.0157930850983 0.0149710178375 0.0149669647217 0.014965057373
Problem 058: 0.939102888107 0.91628408432 0.922548055649 0.946083068848 0.950972080231 0.92112994194 0.939063072205 0.931345939636 0.917312860489 0.908951997757
Problem 059: 0.704077959061 0.702913999557 0.699784994125 0.711448907852 0.701919794083 0.70402598381 0.711520910263 0.699923992157 0.708348989487 0.693928956985
Problem 061: 0.000741958618164 0.000736951828003 0.000712871551514 0.000766038894653 0.000797986984253 0.000756025314331 0.00254106521606 0.000838041305542 0.000780820846558 0.000828981399536
Problem 062: 0.0197248458862 0.0195908546448 0.0195791721344 0.0195481777191 0.0195531845093 0.0195281505585 0.0195410251617 0.0195050239563 0.0196051597595 0.0194928646088
Problem 063: 5.41210174561e-05 5.60283660889e-05 5.50746917725e-05 0.00128984451294 5.50746917725e-05 4.19616699219e-05 8.01086425781e-05 4.00543212891e-05 3.60012054443e-05 3.50475311279e-05
Problem 064: 0.411967039108 0.385219097137 0.382791042328 0.411548137665 0.384767055511 0.410163164139 0.383673906326 0.381011009216 0.411145925522 0.384649991989
