# 3.5.2 (default, Oct 11 2016, 05:05:28) 
# [GCC 4.2.1 Compatible Apple LLVM 8.0.0 (clang-800.0.38)]
# Darwin-15.6.0-x86_64-i386-64bit
Problem 001: 0.00029206275939941406 0.0002930164337158203 0.00029206275939941406 0.00029206275939941406 0.00029206275939941406 0.0002930164337158203 0.0002930164337158203 0.0002930164337158203 0.0002930164337158203 0.0002930164337158203
Problem 002: 9.059906005859375e-06 9.059906005859375e-06 9.059906005859375e-06 7.867813110351562e-06 9.059906005859375e-06 8.106231689453125e-06 7.867813110351562e-06 9.059906005859375e-06 8.106231689453125e-06 7.867813110351562e-06
Problem 003: 0.0004591941833496094 0.0004601478576660156 0.00045990943908691406 0.0004601478576660156 0.0004589557647705078 0.0004601478576660156 0.00045990943908691406 0.00045990943908691406 0.0005280971527099609 0.0004661083221435547
Problem 004: 0.5120270252227783 0.5126438140869141 0.513329029083252 0.5186150074005127 0.5126969814300537 0.5171661376953125 0.5111401081085205 0.5030479431152344 0.48998212814331055 0.4918839931488037
Problem 005: 6.4849853515625e-05 6.389617919921875e-05 6.413459777832031e-05 6.389617919921875e-05 6.413459777832031e-05 6.508827209472656e-05 6.389617919921875e-05 6.413459777832031e-05 6.389617919921875e-05 6.413459777832031e-05
Problem 006: 6.198883056640625e-05 6.198883056640625e-05 6.079673767089844e-05 6.103515625e-05 6.198883056640625e-05 6.103515625e-05 6.079673767089844e-05 6.103515625e-05 6.198883056640625e-05 6.079673767089844e-05
Problem 007: 0.6949138641357422 0.691627025604248 0.693579912185669 0.6767330169677734 0.673241138458252 0.6838369369506836 0.6664049625396729 0.662280797958374 0.6669371128082275 0.6733121871948242
Problem 008: 0.00495600700378418 0.004956960678100586 0.0049591064453125 0.00495600700378418 0.004954814910888672 0.004954814910888672 0.004956960678100586 0.004952907562255859 0.004961967468261719 0.004954814910888672
Problem 009: 0.07077383995056152 0.07048296928405762 0.07055091857910156 0.07148408889770508 0.07083415985107422 0.07291221618652344 0.07051897048950195 0.07062506675720215 0.07250499725341797 0.07050108909606934
Problem 010: 0.570601224899292 0.579902172088623 0.5798180103302002 0.5790340900421143 0.5960462093353271 0.5971379280090332 0.5889401435852051 0.6075901985168457 0.5983588695526123 0.5982060432434082
Problem 011: 0.002910137176513672 0.002910137176513672 0.002914905548095703 0.002905130386352539 0.0029108524322509766 0.002917051315307617 0.002910137176513672 0.0029120445251464844 0.0029129981994628906 0.002998828887939453
Problem 012: 9.47328495979309 9.32200288772583 9.612473011016846 9.301434993743896 9.45626711845398 9.498316049575806 9.36138916015625 9.554334163665771 9.348704099655151 9.560620069503784
Problem 013: 7.152557373046875e-06 6.9141387939453125e-06 7.152557373046875e-06 6.9141387939453125e-06 6.9141387939453125e-06 6.9141387939453125e-06 6.9141387939453125e-06 7.152557373046875e-06 6.9141387939453125e-06 6.9141387939453125e-06
Problem 015: 5.0067901611328125e-06 3.814697265625e-06 3.814697265625e-06 3.814697265625e-06 5.0067901611328125e-06 4.0531158447265625e-06 4.0531158447265625e-06 4.76837158203125e-06 4.0531158447265625e-06 5.0067901611328125e-06
Problem 016: 0.00011396408081054688 0.00011396408081054688 0.00011277198791503906 0.00011420249938964844 0.00011301040649414062 0.00011301040649414062 0.00011396408081054688 0.00011301040649414062 0.00011301040649414062 0.00011301040649414062
Problem 017: 0.0019299983978271484 0.001928091049194336 0.0019290447235107422 0.0019278526306152344 0.0019371509552001953 0.0019299983978271484 0.0019309520721435547 0.0019290447235107422 0.001928091049194336 0.0019290447235107422
Problem 018: 9.202957153320312e-05 9.202957153320312e-05 9.107589721679688e-05 9.107589721679688e-05 9.107589721679688e-05 9.107589721679688e-05 9.107589721679688e-05 9.202957153320312e-05 9.202957153320312e-05 9.179115295410156e-05
Problem 019: 0.0006740093231201172 0.0006749629974365234 0.0006730556488037109 0.0006730556488037109 0.0006740093231201172 0.0006730556488037109 0.0006730556488037109 0.0006728172302246094 0.0006730556488037109 0.0006721019744873047
Problem 020: 7.891654968261719e-05 7.891654968261719e-05 7.915496826171875e-05 7.891654968261719e-05 7.891654968261719e-05 7.891654968261719e-05 7.915496826171875e-05 7.891654968261719e-05 7.891654968261719e-05 0.0001361370086669922
Problem 021: 0.021993160247802734 0.021171092987060547 0.021129131317138672 0.021144866943359375 0.021169185638427734 0.021149873733520508 0.022607088088989258 0.021135807037353516 0.02288985252380371 0.021120071411132812
Problem 022: 0.014812946319580078 0.014811992645263672 0.014812946319580078 0.014807939529418945 0.014811992645263672 0.014807939529418945 0.01480412483215332 0.0148468017578125 0.014803886413574219 0.014836788177490234
Problem 023: 5.298933982849121 5.405559062957764 5.434011936187744 5.26529598236084 5.394218921661377 5.421877861022949 5.2734270095825195 5.4193689823150635 5.483259916305542 5.251077890396118
Problem 025: 0.03627490997314453 0.036260128021240234 0.036253929138183594 0.03664112091064453 0.03739809989929199 0.03725886344909668 0.03623008728027344 0.036251068115234375 0.036448001861572266 0.03626608848571777
Problem 026: 0.03352093696594238 0.03394794464111328 0.03401803970336914 0.03360700607299805 0.0327448844909668 0.03272294998168945 0.03271603584289551 0.03271794319152832 0.032798051834106445 0.033926963806152344
Problem 027: 1.9015519618988037 1.8908400535583496 1.9072091579437256 1.8934051990509033 1.8866961002349854 1.9530928134918213 1.9690608978271484 1.9722020626068115 1.9813551902770996 1.9687860012054443
Problem 028: 0.00018095970153808594 0.0001800060272216797 0.00017714500427246094 0.00017595291137695312 0.00017690658569335938 0.00017714500427246094 0.00017690658569335938 0.00017714500427246094 0.00017690658569335938 0.00017595291137695312
Problem 029: 0.010302066802978516 0.010307073593139648 0.010303974151611328 0.010416030883789062 0.010322809219360352 0.010306835174560547 0.010303974151611328 0.01028895378112793 0.01029515266418457 0.010307073593139648
Problem 030: 6.5424981117248535 6.613023996353149 6.799993991851807 6.537674903869629 6.1570680141448975 6.118222951889038 6.219179153442383 6.166930198669434 6.004265069961548 6.053854942321777
Problem 031: 0.00022411346435546875 0.00022220611572265625 0.0002219676971435547 0.0002219676971435547 0.0002219676971435547 0.0002219676971435547 0.00022292137145996094 0.00022292137145996094 0.0002219676971435547 0.00022292137145996094
Problem 032: 0.3005549907684326 0.30032801628112793 0.30184197425842285 0.2967360019683838 0.29401683807373047 0.310391902923584 0.30860185623168945 0.3208189010620117 0.31342101097106934 0.30753612518310547
Problem 033: 0.0020911693572998047 0.002090930938720703 0.002093791961669922 0.0020911693572998047 0.0020890235900878906 0.002089977264404297 0.0020890235900878906 0.002093076705932617 0.002095937728881836 0.0020890235900878906
Problem 034: 7.987070798873901 7.658929824829102 7.92041802406311 7.700963973999023 7.8728179931640625 7.754552125930786 8.083297967910767 7.657238006591797 7.649909973144531 7.657652139663696
Problem 035: 2.6080408096313477 2.615797996520996 2.557500123977661 2.491060972213745 2.4962151050567627 2.5876269340515137 2.629690170288086 2.664777994155884 2.635267972946167 2.632674217224121
Problem 036: 0.6716580390930176 0.6762700080871582 0.6677839756011963 0.6707630157470703 0.6718840599060059 0.6961262226104736 0.6995639801025391 0.6980040073394775 0.7078261375427246 0.7040460109710693
Problem 037: 3.616083860397339 3.6291751861572266 3.63623309135437 3.630019187927246 3.626739025115967 3.7438950538635254 3.7485032081604004 3.628782033920288 3.6401989459991455 3.640697956085205
Problem 038: 0.04969000816345215 0.04967498779296875 0.049742937088012695 0.049720048904418945 0.049668073654174805 0.0504150390625 0.05398893356323242 0.050163984298706055 0.049818992614746094 0.052195072174072266
Problem 039: 10.667929887771606 10.639156103134155 10.637355089187622 10.645515203475952 10.83995008468628 10.650616884231567 10.64192795753479 10.65117597579956 10.644237995147705 10.621835947036743
Problem 040: 0.4518711566925049 0.4523029327392578 0.4512810707092285 0.45929598808288574 0.4574880599975586 0.45852208137512207 0.45302796363830566 0.45795416831970215 0.4544100761413574 0.4488370418548584
Problem 041: 4.168799877166748 4.162841081619263 4.174321889877319 4.167675018310547 4.152831077575684 4.184967041015625 4.168776035308838 4.163499116897583 4.290060043334961 4.253985166549683
Problem 042: 0.007274150848388672 0.007261037826538086 0.007856130599975586 0.007600069046020508 0.007281064987182617 0.00727081298828125 0.007276058197021484 0.0073549747467041016 0.007925033569335938 0.008244991302490234
Problem 044: 25.93463706970215 25.883750200271606 25.927423000335693 25.878647089004517 25.657973051071167 26.033668994903564 26.076669931411743 25.775761127471924 25.818015098571777 25.807291984558105
Problem 045: 0.13464808464050293 0.13443899154663086 0.1379680633544922 0.13525009155273438 0.13457012176513672 0.13451099395751953 0.1368858814239502 0.13462305068969727 0.1344921588897705 0.13463306427001953
Problem 046: 0.08876705169677734 0.0889739990234375 0.08912205696105957 0.08918380737304688 0.08890891075134277 0.08889198303222656 0.08882522583007812 0.08902192115783691 0.0897519588470459 0.0971059799194336
Problem 047: 0.25391292572021484 0.2554440498352051 0.2565319538116455 0.2610890865325928 0.2561521530151367 0.25742602348327637 0.2536590099334717 0.25550103187561035 0.2551131248474121 0.25565004348754883
Problem 048: 0.0031599998474121094 0.0031561851501464844 0.003156900405883789 0.0031571388244628906 0.0031540393829345703 0.0031540393829345703 0.003155946731567383 0.0031540393829345703 0.0031549930572509766 0.0031540393829345703
Problem 049: 1.2362380027770996 1.2269699573516846 1.2563979625701904 1.247338056564331 1.2420129776000977 1.2470240592956543 1.2441980838775635 1.2472620010375977 1.2513000965118408 1.2368969917297363
Problem 050: 0.7675700187683105 0.7898368835449219 0.8070230484008789 0.8085639476776123 0.7780349254608154 0.7772479057312012 0.7803881168365479 0.7655608654022217 0.7598600387573242 0.7481491565704346
Problem 051: 15.150471925735474 15.180901050567627 15.196561098098755 15.028892993927002 15.13218903541565 15.210663080215454 15.170675992965698 15.143816947937012 15.133444786071777 15.212156057357788
Problem 052: 0.6219968795776367 0.6188108921051025 0.6125109195709229 0.6142680644989014 0.6267237663269043 0.6129381656646729 0.6126620769500732 0.6165180206298828 0.5954239368438721 0.5885219573974609
Problem 053: 0.018316030502319336 0.01729893684387207 0.016915082931518555 0.01689004898071289 0.017199993133544922 0.01691603660583496 0.016911029815673828 0.01689600944519043 0.016927003860473633 0.01689600944519043
Problem 054: 0.13973093032836914 0.13388991355895996 0.13524413108825684 0.1338660717010498 0.14038300514221191 0.13386106491088867 0.13428401947021484 0.13518309593200684 0.13593602180480957 0.13403582572937012
Problem 055: 0.0824589729309082 0.0824589729309082 0.08247113227844238 0.08479809761047363 0.08242917060852051 0.08250212669372559 0.08241415023803711 0.08237600326538086 0.08243393898010254 0.08835506439208984
Problem 056: 0.29216909408569336 0.295551061630249 0.2916829586029053 0.29234981536865234 0.2907431125640869 0.29227590560913086 0.2939920425415039 0.2918720245361328 0.29419994354248047 0.2898831367492676
Problem 057: 0.0038919448852539062 0.004714012145996094 0.004091024398803711 0.003837108612060547 0.003715038299560547 0.003713846206665039 0.003715991973876953 0.0036919116973876953 0.0037140846252441406 0.003709077835083008
Problem 058: 10.41355299949646 10.062633037567139 10.221072912216187 10.255056858062744 10.237677097320557 10.24752402305603 10.254172086715698 10.24374794960022 10.251080989837646 10.050261974334717
Problem 059: 11.825822114944458 11.713969945907593 11.739915132522583 11.606976985931396 11.76855993270874 11.762433052062988 11.957455158233643 11.57951307296753 11.742399215698242 11.753201007843018
Problem 061: 0.00652313232421875 0.006442070007324219 0.006433010101318359 0.006540060043334961 0.006524085998535156 0.0065479278564453125 0.007827043533325195 0.00642704963684082 0.0064258575439453125 0.0064640045166015625
Problem 062: 0.11909317970275879 0.12214899063110352 0.11923599243164062 0.11918783187866211 0.12085390090942383 0.12120294570922852 0.1230311393737793 0.1196601390838623 0.12115788459777832 0.12052583694458008
Problem 063: 0.0001850128173828125 0.00018405914306640625 0.00018405914306640625 0.0001850128173828125 0.00018405914306640625 0.00018405914306640625 0.00018405914306640625 0.0001850128173828125 0.00018405914306640625 0.00018405914306640625
Problem 064: 10.560720205307007 10.544026136398315 10.398843050003052 10.533123016357422 10.507199048995972 10.354339838027954 10.556968927383423 10.555079936981201 10.424394130706787 10.613327980041504
