# 2.7.12 (default, Oct 11 2016, 05:24:00) 
# [GCC 4.2.1 Compatible Apple LLVM 8.0.0 (clang-800.0.38)]
# Darwin-15.6.0-x86_64-i386-64bit
Problem 001: 0.00020694732666 0.00019097328186 0.000185966491699 0.000187158584595 0.000185966491699 0.000235080718994 0.000216960906982 0.000760078430176 0.000191926956177 0.000169992446899
Problem 002: 6.91413879395e-06 5.96046447754e-06 5.96046447754e-06 6.19888305664e-06 5.96046447754e-06 5.96046447754e-06 5.96046447754e-06 5.96046447754e-06 5.96046447754e-06 6.19888305664e-06
Problem 003: 0.0156810283661 0.0161249637604 0.0158751010895 0.0156800746918 0.0159540176392 0.0158801078796 0.0157310962677 0.0158469676971 0.0158369541168 0.0159740447998
Problem 004: 0.408529043198 0.407685995102 0.410658836365 0.408480882645 0.394232034683 0.402729034424 0.397341966629 0.397650003433 0.409561157227 0.399320840836
Problem 005: 1.4066696167e-05 1.4066696167e-05 1.4066696167e-05 1.38282775879e-05 1.31130218506e-05 1.4066696167e-05 1.4066696167e-05 1.4066696167e-05 1.38282775879e-05 1.4066696167e-05
Problem 006: 2.19345092773e-05 2.09808349609e-05 2.09808349609e-05 2.09808349609e-05 2.09808349609e-05 2.121925354e-05 2.19345092773e-05 2.09808349609e-05 2.09808349609e-05 2.09808349609e-05
Problem 007: 0.327877044678 0.343296051025 0.332883119583 0.328261137009 0.346785068512 0.336577892303 0.335078001022 0.352066040039 0.329273939133 0.329459905624
Problem 008: 0.00915503501892 0.00916790962219 0.00914597511292 0.00917601585388 0.00914883613586 0.0091450214386 0.00914597511292 0.00916600227356 0.00917911529541 0.00914692878723
Problem 009: 0.0345261096954 0.0345020294189 0.0407819747925 0.0342409610748 0.0339031219482 0.0339090824127 0.033942937851 0.0340981483459 0.0338690280914 0.033919095993
Problem 010: 0.537303924561 0.536015987396 0.53503704071 0.530556917191 0.542269945145 0.557819128036 0.534144878387 0.541460990906 0.539280891418 0.545101165771
Problem 011: 0.00210022926331 0.00221109390259 0.00210189819336 0.00209712982178 0.00233793258667 0.00309991836548 0.00262093544006 0.00249600410461 0.00238418579102 0.00225496292114
Problem 012: 6.48340916634 6.63056993484 6.40247893333 6.64972305298 6.75696706772 6.65761590004 6.63866281509 6.64065098763 6.62844991684 6.44645690918
Problem 013: 1.28746032715e-05 1.19209289551e-05 1.21593475342e-05 1.19209289551e-05 1.19209289551e-05 1.19209289551e-05 1.21593475342e-05 1.19209289551e-05 1.19209289551e-05 1.19209289551e-05
Problem 015: 1.00135803223e-05 9.05990600586e-06 1.00135803223e-05 9.05990600586e-06 9.05990600586e-06 9.05990600586e-06 9.05990600586e-06 9.05990600586e-06 9.05990600586e-06 9.05990600586e-06
Problem 016: 0.000233888626099 0.000234127044678 0.000232934951782 0.000232934951782 0.000232934951782 0.000233888626099 0.000232934951782 0.000234127044678 0.000234127044678 0.000233888626099
Problem 017: 0.00133991241455 0.00134086608887 0.00134181976318 0.00134110450745 0.00134110450745 0.00133991241455 0.00134086608887 0.00133991241455 0.00133991241455 0.00133991241455
Problem 018: 8.20159912109e-05 8.20159912109e-05 8.10623168945e-05 8.51154327393e-05 6.98566436768e-05 7.00950622559e-05 7.10487365723e-05 6.89029693604e-05 6.91413879395e-05 7.00950622559e-05
Problem 019: 0.000638961791992 0.000638008117676 0.000643968582153 0.000638008117676 0.000637054443359 0.000637054443359 0.000638008117676 0.000639915466309 0.000638008117676 0.000638961791992
Problem 020: 0.000138998031616 0.000136852264404 0.000136852264404 0.0001380443573 0.0001380443573 0.000137090682983 0.000137805938721 0.000137090682983 0.000137090682983 0.0001380443573
Problem 021: 0.0196471214294 0.0197110176086 0.0197458267212 0.019767999649 0.0197389125824 0.0197269916534 0.0197629928589 0.020562171936 0.0209040641785 0.0225601196289
Problem 022: 0.0122919082642 0.0122828483582 0.0122821331024 0.0122818946838 0.0122790336609 0.0122849941254 0.0122818946838 0.0122871398926 0.0122818946838 0.0122849941254
Problem 023: 4.17102384567 4.15614914894 4.16706299782 4.1605091095 4.15632987022 4.16422200203 4.15474486351 4.16410899162 4.17705702782 4.15819597244
Problem 025: 0.0391619205475 0.0405468940735 0.0402209758759 0.039186000824 0.0391569137573 0.039167881012 0.0392100811005 0.0400469303131 0.0392639636993 0.0392260551453
Problem 026: 0.0305118560791 0.0305199623108 0.0305461883545 0.0305619239807 0.0334310531616 0.0304529666901 0.0297191143036 0.0297019481659 0.0297038555145 0.0297038555145
Problem 027: 1.52720403671 1.53947091103 1.5320789814 1.52367210388 1.53448104858 1.52760195732 1.5245718956 1.52387309074 1.52675914764 1.52193379402
Problem 028: 0.000119924545288 0.000118970870972 0.000118970870972 0.000119209289551 0.000118970870972 0.000118970870972 0.000118970870972 0.000118017196655 0.000121116638184 0.000118970870972
Problem 029: 0.0207901000977 0.0207998752594 0.0210721492767 0.0207970142365 0.0207891464233 0.0207870006561 0.0214359760284 0.0212359428406 0.0239450931549 0.024386882782
Problem 030: 6.54262304306 6.53814888 6.54527497292 6.5435988903 6.56581401825 6.57237291336 6.56271386147 6.5638449192 6.60350704193 6.56885194778
Problem 031: 0.000195026397705 0.000195026397705 0.000194072723389 0.000194072723389 0.000195026397705 0.000194072723389 0.000194072723389 0.000194072723389 0.00019383430481 0.000195026397705
Problem 032: 0.241811990738 0.240711212158 0.242078065872 0.240803003311 0.24333190918 0.243588924408 0.247241973877 0.240744113922 0.24239397049 0.240602970123
Problem 033: 0.00160598754883 0.00161004066467 0.00161194801331 0.00159907341003 0.00160813331604 0.00179886817932 0.00218391418457 0.00174784660339 0.00160503387451 0.0016040802002
Problem 034: 5.302339077 5.31105399132 5.30261611938 5.32187891006 5.30489778519 5.30180811882 5.2976911068 5.30669498444 5.30582380295 5.30084300041
Problem 035: 2.74408698082 2.74576401711 2.74247097969 2.73656606674 2.74719691277 2.73431301117 2.75783395767 2.7393989563 2.75428819656 2.72967100143
Problem 036: 0.734336853027 0.735279083252 0.735565900803 0.733412981033 0.733103990555 0.738516807556 0.737972974777 0.736330032349 0.745474100113 0.736485004425
Problem 037: 2.51147699356 2.51154398918 2.518460989 2.50922894478 2.50797700882 2.51032781601 2.50700902939 2.52023696899 2.50916409492 2.50942611694
Problem 038: 0.0537099838257 0.0536170005798 0.0547168254852 0.0548188686371 0.0532419681549 0.0544450283051 0.053747177124 0.053661108017 0.0536370277405 0.053484916687
Problem 039: 6.81959104538 6.81888103485 6.78395414352 6.78240609169 6.78354787827 6.77143597603 6.78529500961 6.79860901833 6.76689291 6.78265094757
Problem 040: 0.366089820862 0.373590946198 0.369434833527 0.367629051208 0.37356710434 0.373548984528 0.369014978409 0.369078874588 0.366894006729 0.369908094406
Problem 041: 2.84078502655 2.84084582329 2.83889985085 2.83319783211 2.85492682457 2.85255908966 2.83896207809 2.8348801136 2.82911610603 2.84773683548
Problem 042: 0.00711297988892 0.00712108612061 0.00711798667908 0.00710511207581 0.00711107254028 0.00711512565613 0.00711798667908 0.0071120262146 0.00711798667908 0.00711607933044
Problem 044: 24.1707019806 24.1244080067 24.1006970406 24.1189498901 24.1219918728 24.0810530186 24.0957078934 24.133056879 24.0940458775 24.0828001499
Problem 045: 0.110481977463 0.109165906906 0.109633207321 0.110327959061 0.109158039093 0.11106801033 0.110078811646 0.114773035049 0.109466075897 0.109652042389
Problem 046: 0.0575180053711 0.0576159954071 0.0575611591339 0.0575358867645 0.0575151443481 0.0576651096344 0.0576829910278 0.0581519603729 0.0584709644318 0.0575151443481
Problem 047: 0.265769958496 0.268079996109 0.265064954758 0.267934083939 0.266471147537 0.26863694191 0.268154859543 0.267267942429 0.265846014023 0.269126176834
Problem 048: 0.00435400009155 0.00435495376587 0.0043580532074 0.00435709953308 0.00435209274292 0.00435090065002 0.004390001297 0.00435400009155 0.00435590744019 0.00436019897461
Problem 049: 1.27883005142 1.29415488243 1.28754496574 1.2883450985 1.30542087555 1.27485203743 1.27211403847 1.27769303322 1.27726101875 1.27271699905
Problem 050: 0.75986790657 0.764328956604 0.75587105751 0.753889083862 0.757173061371 0.752094984055 0.754010915756 0.775379180908 0.761296033859 0.757739067078
Problem 051: 11.8486630917 11.8816559315 11.9114429951 11.8299870491 11.5820300579 11.5405271053 11.6750609875 11.7253358364 11.8832881451 11.6281569004
Problem 052: 0.689249992371 0.693579912186 0.694712877274 0.695590019226 0.696213960648 0.686514139175 0.686937093735 0.691826105118 0.688889980316 0.684523105621
Problem 053: 0.0631091594696 0.0631401538849 0.0638239383698 0.0644559860229 0.0631060600281 0.0631849765778 0.0632379055023 0.063225030899 0.0630810260773 0.0631499290466
Problem 054: 0.120712041855 0.120593070984 0.120859861374 0.122520923615 0.121006965637 0.12038397789 0.120343923569 0.126218795776 0.121183872223 0.121068000793
Problem 055: 0.110773801804 0.106977939606 0.106861829758 0.110790967941 0.108787059784 0.1084420681 0.107063055038 0.107902050018 0.109417915344 0.10919213295
Problem 056: 0.659898996353 0.667152881622 0.667013883591 0.666182994843 0.667955160141 0.665704011917 0.658597946167 0.657222986221 0.664151191711 0.662337064743
Problem 057: 0.00367593765259 0.00366997718811 0.00367403030396 0.00367212295532 0.00367498397827 0.00366401672363 0.0036609172821 0.0036768913269 0.00367212295532 0.00367403030396
Problem 058: 6.33544802666 6.61942887306 6.48524904251 6.48341012001 6.4944190979 6.42971801758 6.51679801941 6.39554309845 6.61758613586 6.36953377724
Problem 059: 9.36345791817 9.41229891777 9.35894584656 9.53392696381 9.40763783455 9.30213689804 9.37046790123 9.27868700027 9.46696400642 9.26565098763
Problem 061: 0.00565719604492 0.00556898117065 0.0055570602417 0.00661110877991 0.00547003746033 0.00546598434448 0.00551605224609 0.00556111335754 0.00556993484497 0.00559401512146
Problem 062: 0.156097888947 0.155423879623 0.151775836945 0.15908408165 0.151772975922 0.163084983826 0.157315015793 0.154178857803 0.151911020279 0.152929067612
Problem 063: 9.89437103271e-05 9.79900360107e-05 9.79900360107e-05 9.89437103271e-05 9.79900360107e-05 9.79900360107e-05 9.79900360107e-05 0.00010085105896 0.000105142593384 9.89437103271e-05
Problem 064: 4.14889478683 4.093791008 4.15327000618 4.15461587906 3.93658804893 4.0618929863 4.12853908539 4.10952210426 4.11111903191 4.04750585556
