# 2.7.6 (IronPython 2.7.6.3 (2.7.6.3) on Mono 4.0.30319.17020 (64-bit))
# posix
Problem 001: 0.000205993652344 0.000190734863281 0.000114440917969 0.000114440917969 0.000129699707031 0.0001220703125 0.000114440917969 0.000114440917969 0.0001220703125 0.000129699707031
Problem 002: 1.52587890625e-05 1.52587890625e-05 0.0 1.52587890625e-05 7.62939453125e-06 1.52587890625e-05 7.62939453125e-06 0.0 7.62939453125e-06 1.52587890625e-05
Problem 003: 0.0544509887695 0.0513687133789 0.0484008789063 0.0478210449219 0.0544738769531 0.0512619018555 0.0486145019531 0.0478668212891 0.0507659912109 0.0609664916992
Problem 004: 0.424652099609 0.427780151367 0.426361083984 0.427543640137 0.427658081055 0.427963256836 0.428016662598 0.428260803223 0.433036804199 0.426620483398
Problem 005: 2.28881835938e-05 3.0517578125e-05 6.103515625e-05 1.52587890625e-05 0.0 1.52587890625e-05 7.62939453125e-06 1.52587890625e-05 1.52587890625e-05 7.62939453125e-06
Problem 006: 3.81469726563e-05 2.28881835938e-05 3.0517578125e-05 1.52587890625e-05 2.28881835938e-05 2.28881835938e-05 3.0517578125e-05 6.103515625e-05 3.0517578125e-05 1.52587890625e-05
Problem 007: 0.206077575684 0.202033996582 0.201690673828 0.203758239746 0.202033996582 0.20295715332 0.201538085938 0.203994750977 0.202949523926 0.202972412109
Problem 008: 0.00181579589844 0.00185394287109 0.00177001953125 0.00175476074219 0.00176239013672 0.00173950195313 0.00177001953125 0.00174713134766 0.00176239013672 0.00173950195313
Problem 009: 0.0285568237305 0.0293197631836 0.0288925170898 0.0287170410156 0.0293731689453 0.0286636352539 0.0287246704102 0.0285949707031 0.0293426513672 0.0289154052734
Problem 010: 0.469551086426 0.458290100098 0.456214904785 0.463973999023 0.461555480957 0.45832824707 0.454833984375 0.45760345459 0.457389831543 0.455810546875
Problem 011: 0.00117492675781 0.00115966796875 0.00236511230469 0.00120544433594 0.00117492675781 0.00118255615234 0.00119781494141 0.00118255615234 0.00117492675781 0.00118255615234
Problem 012: 4.87029266357 4.86394500732 4.86660766602 4.85162353516 4.86547088623 4.86663818359 4.87138366699 4.87290954590 4.87039947510 4.87732696533
Problem 013: 1.52587890625e-05 7.62939453125e-06 3.0517578125e-05 7.62939453125e-06 1.52587890625e-05 1.52587890625e-05 1.52587890625e-05 2.28881835938e-05 1.52587890625e-05 2.28881835938e-05
Problem 015: 3.0517578125e-05 7.62939453125e-06 3.0517578125e-05 2.28881835938e-05 1.52587890625e-05 2.28881835938e-05 1.52587890625e-05 7.62939453125e-06 1.52587890625e-05 2.28881835938e-05
Problem 016: 7.62939453125e-05 5.34057617188e-05 4.57763671875e-05 5.34057617188e-05 5.34057617188e-05 5.34057617188e-05 5.34057617188e-05 4.57763671875e-05 5.34057617188e-05 5.34057617188e-05
Problem 017: 0.00102233886719 0.000999450683594 0.000991821289063 0.00103759765625 0.000999450683594 0.000999450683594 0.00100708007813 0.00193786621094 0.00101470947266 0.000999450683594
Problem 018: 4.57763671875e-05 5.34057617188e-05 5.34057617188e-05 4.57763671875e-05 5.34057617188e-05 5.34057617188e-05 3.81469726563e-05 5.34057617188e-05 5.34057617188e-05 6.103515625e-05
Problem 019: 0.000419616699219 0.000396728515625 0.000396728515625 0.000411987304688 0.000381469726563 0.000381469726563 0.000396728515625 0.000396728515625 0.000396728515625 0.000396728515625
Problem 020: 4.57763671875e-05 5.34057617188e-05 4.57763671875e-05 5.34057617188e-05 5.34057617188e-05 5.34057617188e-05 5.34057617188e-05 4.57763671875e-05 5.34057617188e-05 5.34057617188e-05
Problem 021: 0.0116729736328 0.0125579833984 0.0257949829102 0.0117263793945 0.0131301879883 0.0117340087891 0.0119781494141 0.0129928588867 0.0118789672852 0.0238342285156
Problem 022: 0.0107269287109 0.00956726074219 0.0105972290039 0.00949859619141 0.0110855102539 0.00978851318359 0.00968170166016 0.0108337402344 0.00949859619141 0.0214233398438
Problem 023: 2.52680969238 2.51748657227 2.51645660400 2.52899169922 2.52716827393 2.50656890869 2.49982452393 2.50877380371 2.51815795898 2.52559661865
Problem 025: 0.182388305664 0.182243347168 0.181282043457 0.183166503906 0.18236541748 0.182403564453 0.181671142578 0.18236541748 0.181770324707 0.18253326416
Problem 026: 0.0336761474609 0.0213928222656 0.0220794677734 0.0322952270508 0.0231781005859 0.0322036743164 0.0213394165039 0.03369140625 0.0215377807617 0.0214233398438
Problem 027: 0.757400512695 0.748016357422 0.74536895752 0.749366760254 0.74730682373 0.751487731934 0.75203704834 0.746269226074 0.74878692627 0.754844665527
Problem 028: 9.91821289063e-05 0.000106811523438 9.91821289063e-05 0.000106811523438 9.91821289063e-05 0.000106811523438 8.39233398438e-05 9.1552734375e-05 9.1552734375e-05 9.1552734375e-05
Problem 029: 0.0125274658203 0.0160751342773 0.0157012939453 0.0126113891602 0.0157470703125 0.0157699584961 0.0125045776367 0.0278930664063 0.0133438110352 0.0161285400391
Problem 030: 2.60669708252 2.58741760254 2.59843444824 2.58937835693 2.58834075928 2.60473632813 2.59384918213 2.65193176270 2.60268402100 2.60955047607
Problem 031: 0.000175476074219 0.000167846679688 0.000190734863281 0.00018310546875 0.000160217285156 0.000167846679688 0.000175476074219 0.000167846679688 0.000190734863281 0.000160217285156
Problem 032: 0.215873718262 0.216156005859 0.217445373535 0.217414855957 0.215438842773 0.217308044434 0.215682983398 0.216728210449 0.216201782227 0.218772888184
Problem 033: 0.000663757324219 0.000648498535156 0.000656127929688 0.000648498535156 0.000656127929688 0.000656127929688 0.000656127929688 0.000648498535156 0.000656127929688 0.000648498535156
Problem 034: 1.98566436768 2.12833404541 2.11101531982 1.91555786133 1.91954803467 2.33841705322 2.07859039307 1.92832183838 1.91283416748 1.91040039063
Problem 035: 3.91184997559 3.92354583740 3.89259338379 3.86316680908 3.89201354980 3.89818572998 3.92719268799 3.91072845459 3.89818572998 3.93122863770
Problem 036: 0.563697814941 0.56290435791 0.562690734863 0.561279296875 0.562423706055 0.567687988281 0.560958862305 0.561637878418 0.560554504395 0.563591003418
Problem 037: 1.62105560303 1.62025451660 1.62324523926 1.62525177002 1.62174987793 1.62209320068 1.62380981445 1.61931610107 1.62972259521 1.62638092041
Problem 038: 0.0590591430664 0.0591659545898 0.0582656860352 0.0602645874023 0.0596618652344 0.0596694946289 0.0585098266602 0.0594329833984 0.0593795776367 0.0594787597656
Problem 039: 4.35169982910 4.38466644287 4.36895751953 4.37008666992 4.35378265381 4.35068511963 4.35705566406 4.36853790283 4.40497589111 4.35736083984
Problem 040: 0.402557373047 0.402214050293 0.400177001953 0.401893615723 0.400466918945 0.404304504395 0.403686523438 0.404876708984 0.401840209961 0.402442932129
Problem 041: 2.20875549316 2.19605255127 2.20247650146 2.20201110840 2.20639801025 2.20184326172 2.20422363281 2.21265411377 2.21013641357 2.20687103271
Problem 042: 0.00447845458984 0.00569915771484 0.00429534912109 0.00422668457031 0.0052490234375 0.00424957275391 0.00508880615234 0.00417327880859 0.00417327880859 0.00495147705078
Problem 044: 28.7664642334 28.6946182251 28.8084182739 28.7340621948 28.8985519409 28.7569656372 28.8450012207 28.7211532593 28.7692489624 28.8902664185
Problem 045: 0.0682373046875 0.0682067871094 0.0694122314453 0.0683670043945 0.0678939819336 0.0708465576172 0.0684127807617 0.0698623657227 0.0683898925781 0.0694885253906
Problem 046: 0.0285949707031 0.0269546508789 0.026741027832 0.0268859863281 0.026725769043 0.0266723632813 0.0268020629883 0.0270843505859 0.026741027832 0.0267791748047
Problem 047: 0.588287353516 0.593955993652 0.594711303711 0.609306335449 0.596755981445 0.592651367188 0.594520568848 0.588119506836 0.666015625 0.597503662109
Problem 048: 0.00238037109375 0.00240325927734 0.00238800048828 0.00237274169922 0.00239562988281 0.00238037109375 0.00238037109375 0.00238037109375 0.00239562988281 0.00240325927734
Problem 049: 1.28862762451 1.32591247559 1.29075622559 1.31667327881 1.28991699219 1.31325531006 1.30550384521 1.30375671387 1.31792449951 1.31185913086
Problem 050: 0.497245788574 0.489311218262 0.472358703613 0.493171691895 0.498840332031 0.476455688477 0.488342285156 0.489753723145 0.473129272461 0.490547180176
Problem 051: 6.18790435791 6.18513488770 6.18756103516 6.16143035889 6.15353393555 6.20124816895 6.17562866211 6.17761230469 6.19535064697 6.18353271484
Problem 052: 1.07014465332 1.12039184570 1.11284637451 1.12503051758 1.04545593262 1.11992645264 1.13053131104 1.11248779297 1.12397003174 1.10478210449
Problem 053: 0.113525390625 0.115264892578 0.113754272461 0.114501953125 0.113998413086 0.115600585938 0.113845825195 0.114227294922 0.113815307617 0.115043640137
Problem 054: 0.0718841552734 0.0726470947266 0.073127746582 0.0728530883789 0.0717697143555 0.0717086791992 0.0712966918945 0.0724411010742 0.0731964111328 0.0725402832031
Problem 055: 0.114570617676 0.115219116211 0.116279602051 0.116333007813 0.11499786377 0.114929199219 0.133987426758 0.118408203125 0.117286682129 0.118881225586
Problem 056: 0.160743713379 0.160789489746 0.162254333496 0.160697937012 0.161422729492 0.162048339844 0.160537719727 0.16121673584 0.15990447998 0.161354064941
Problem 057: 0.0147857666016 0.0157165527344 0.0148849487305 0.0158462524414 0.0155487060547 0.0146789550781 0.0155181884766 0.0147094726563 0.0154647827148 0.0154876708984
Problem 058: 2.78612518311 2.76293945313 2.76674652100 2.76626586914 2.76577758789 2.77216339111 2.76118469238 2.78079223633 2.76077270508 2.78083801270
Problem 059: 5.90520477295 5.90598297119 5.92166900635 5.91667175293 5.88985443115 5.90943145752 5.91463470459 5.89803314209 5.95002746582 5.92264556885
Problem 061: 0.00246429443359 0.00252532958984 0.00374603271484 0.00240325927734 0.00254821777344 0.00266265869141 0.00245666503906 0.00254058837891 0.00357818603516 0.00273895263672
Problem 062: 0.108062744141 0.108535766602 0.108222961426 0.112312316895 0.108543395996 0.108673095703 0.130058288574 0.110595703125 0.109008789063 0.108406066895
Problem 063: 0.000106811523438 0.000106811523438 9.91821289063e-05 0.000106811523438 9.91821289063e-05 9.91821289063e-05 0.000106811523438 9.91821289063e-05 0.000106811523438 9.1552734375e-05
Problem 064: 4.18067169189 4.17765045166 4.20818328857 4.12292480469 4.06621551514 4.18615722656 4.19455718994 4.13903808594 4.16462707520 4.14276885986
