# 2.7.10 (5.1.2+dfsg-1~16.04, Jun 16 2016, 17:37:42)
# [PyPy 5.1.2 with GCC 5.3.1 20160413]
# Linux-4.4.0-47-generic-x86_64-with-Ubuntu-16.04-xenial
Problem 001: 8.79764556885e-05 9.01222229004e-05 8.82148742676e-05 8.89301300049e-05 8.89301300049e-05 8.79764556885e-05 8.89301300049e-05 8.79764556885e-05 9.60826873779e-05 9.29832458496e-05
Problem 002: 1.09672546387e-05 1.00135803223e-05 8.82148742676e-06 1.00135803223e-05 1.00135803223e-05 1.00135803223e-05 1.00135803223e-05 9.05990600586e-06 9.05990600586e-06 9.05990600586e-06
Problem 003: 0.000100135803223 0.000102043151855 9.89437103271e-05 9.3936920166e-05 0.000100135803223 9.98973846436e-05 9.89437103271e-05 0.000101804733276 9.3936920166e-05 0.000100135803223
Problem 004: 0.0396950244904 0.0399749279022 0.0395879745483 0.0397498607635 0.0400290489197 0.0396680831909 0.0397419929504 0.0398378372192 0.0399878025055 0.0399889945984
Problem 005: 2.40802764893e-05 2.40802764893e-05 2.28881835938e-05 2.21729278564e-05 2.40802764893e-05 2.40802764893e-05 2.31266021729e-05 2.28881835938e-05 2.40802764893e-05 2.28881835938e-05
Problem 006: 4.60147857666e-05 4.50611114502e-05 4.60147857666e-05 4.60147857666e-05 4.50611114502e-05 4.60147857666e-05 4.48226928711e-05 4.60147857666e-05 4.60147857666e-05 4.60147857666e-05
Problem 007: 0.0447881221771 0.0458128452301 0.0447890758514 0.0449180603027 0.0447900295258 0.0449359416962 0.0449709892273 0.0449512004852 0.0450079441071 0.0447950363159
Problem 008: 0.00073504447937 0.000747919082642 0.000730991363525 0.000749111175537 0.000731945037842 0.000751972198486 0.000741004943848 0.000732898712158 0.000748872756958 0.000732183456421
Problem 009: 0.000463962554932 0.000463008880615 0.000464916229248 0.000468969345093 0.000463962554932 0.000463008880615 0.000463008880615 0.000463008880615 0.000463962554932 0.000463008880615
Problem 010: 0.0674860477448 0.0723049640656 0.0632698535919 0.0653710365295 0.0726919174194 0.0639650821686 0.0635960102081 0.0724787712097 0.0634791851044 0.0717158317566
Problem 011: 0.000124931335449 0.000123977661133 0.0001380443573 0.000126123428345 0.000123977661133 0.0012571811676 0.000123977661133 0.000121116638184 0.000118017196655 0.000133037567139
Problem 012: 0.637735128403 0.63559794426 0.637530088425 0.636692047119 0.635078907013 0.636332035065 0.636233091354 0.638194084167 0.637254953384 0.63543510437
Problem 013: 1.50203704834e-05 1.47819519043e-05 1.50203704834e-05 1.50203704834e-05 1.50203704834e-05 1.50203704834e-05 1.47819519043e-05 1.50203704834e-05 1.50203704834e-05 1.50203704834e-05
Problem 015: 3.69548797607e-05 3.69548797607e-05 3.69548797607e-05 3.69548797607e-05 3.69548797607e-05 3.69548797607e-05 3.69548797607e-05 3.69548797607e-05 3.69548797607e-05 3.69548797607e-05
Problem 016: 5.10215759277e-05 5.10215759277e-05 5.10215759277e-05 5.10215759277e-05 5.10215759277e-05 5.19752502441e-05 5.00679016113e-05 5.10215759277e-05 5.10215759277e-05 5.10215759277e-05
Problem 017: 0.000180006027222 0.000174999237061 0.000175952911377 0.000174999237061 0.000174999237061 0.000176191329956 0.000175952911377 0.000179052352905 0.000174999237061 0.000174999237061
Problem 018: 2.50339508057e-05 2.40802764893e-05 2.40802764893e-05 2.50339508057e-05 2.50339508057e-05 2.50339508057e-05 3.71932983398e-05 3.38554382324e-05 3.48091125488e-05 3.38554382324e-05
Problem 019: 0.000147104263306 0.000149011611938 0.000148057937622 0.000146865844727 0.000146865844727 0.000147104263306 0.000148057937622 0.000147104263306 0.000146865844727 0.000146865844727
Problem 020: 3.2901763916e-05 3.2901763916e-05 3.31401824951e-05 3.19480895996e-05 3.40938568115e-05 3.19480895996e-05 3.31401824951e-05 3.2901763916e-05 3.2901763916e-05 3.19480895996e-05
Problem 021: 0.000395059585571 0.00039005279541 0.00041389465332 0.000399112701416 0.000392913818359 0.000412940979004 0.000396966934204 0.000421047210693 0.000395059585571 0.000410079956055
Problem 022: 0.00193691253662 0.00193190574646 0.0019519329071 0.00195407867432 0.00195002555847 0.00194907188416 0.00195288658142 0.00193810462952 0.00198793411255 0.0019268989563
Problem 023: 0.111610889435 0.111787080765 0.111159086227 0.111398935318 0.111681222916 0.112113952637 0.111942052841 0.111487150192 0.11195898056 0.111746072769
Problem 025: 0.0422170162201 0.0418028831482 0.0418961048126 0.04176902771 0.0418021678925 0.0417830944061 0.0417680740356 0.0417890548706 0.0417819023132 0.0418219566345
Problem 026: 0.00401878356934 0.00401401519775 0.00404381752014 0.00399684906006 0.00399518013 0.00400495529175 0.00400805473328 0.00401878356934 0.00401186943054 0.00399684906006
Problem 027: 0.137737989426 0.139256000519 0.138104915619 0.137898206711 0.13770198822 0.139243125916 0.139345169067 0.140227079391 0.138043880463 0.137904167175
Problem 028: 2.40802764893e-05 2.50339508057e-05 2.40802764893e-05 2.40802764893e-05 2.38418579102e-05 2.47955322266e-05 2.50339508057e-05 8.20159912109e-05 2.50339508057e-05 2.38418579102e-05
Problem 029: 0.00733113288879 0.00728797912598 0.00726699829102 0.00733780860901 0.00728106498718 0.00724315643311 0.00729298591614 0.00723481178284 0.00724506378174 0.00734996795654
Problem 030: 0.415725946426 0.41499209404 0.415509939194 0.415652036667 0.415275096893 0.41721701622 0.415621042252 0.415566921234 0.415853023529 0.41513299942
Problem 031: 8.10623168945e-06 7.86781311035e-06 9.05990600586e-06 9.05990600586e-06 9.05990600586e-06 8.82148742676e-06 7.86781311035e-06 8.10623168945e-06 8.10623168945e-06 7.86781311035e-06
Problem 032: 0.0402679443359 0.0402970314026 0.0403339862823 0.0403089523315 0.0404269695282 0.0403101444244 0.0407819747925 0.0403349399567 0.0404379367828 0.040479183197
Problem 033: 0.00019097328186 0.00019097328186 0.000191926956177 0.00019097328186 0.00019097328186 0.00019097328186 0.00019097328186 0.000190019607544 0.000198841094971 0.000191211700439
Problem 034: 0.584785938263 0.582988977432 0.585352897644 0.588111877441 0.589437007904 0.589602947235 0.595853090286 0.58620595932 0.586360931396 0.585902929306
Problem 035: 0.0861420631409 0.0848867893219 0.084890127182 0.0848529338837 0.0847940444946 0.0855529308319 0.0850880146027 0.0847721099854 0.0848798751831 0.0848569869995
Problem 036: 0.0492250919342 0.0491290092468 0.0491940975189 0.0491690635681 0.049488067627 0.0492920875549 0.0492949485779 0.0490319728851 0.0490889549255 0.0490429401398
Problem 037: 0.284255027771 0.285031080246 0.283858060837 0.284689188004 0.285055875778 0.28373003006 0.283601999283 0.284315824509 0.286187171936 0.28511595726
Problem 038: 0.00615382194519 0.00618004798889 0.00615906715393 0.00618410110474 0.00615811347961 0.00618195533752 0.00617408752441 0.00618004798889 0.00617694854736 0.00619602203369
Problem 039: 0.300781011581 0.301587820053 0.301260948181 0.301245927811 0.301136016846 0.301401138306 0.300758123398 0.301442146301 0.301082134247 0.301367044449
Problem 040: 0.128435850143 0.118195056915 0.129107952118 0.119112968445 0.130534887314 0.118795156479 0.129626989365 0.121821880341 0.128719091415 0.118377923965
Problem 041: 0.143076896667 0.142715930939 0.143723964691 0.142665863037 0.143187999725 0.143133163452 0.143723964691 0.142737865448 0.143090009689 0.142647981644
Problem 042: 0.000428915023804 0.000458955764771 0.000409841537476 0.000427007675171 0.000442981719971 0.000428915023804 0.000427007675171 0.000875949859619 0.000419855117798 0.000416994094849
Problem 044: 1.39437794685 1.40681600571 1.39695000648 1.40898609161 1.39993095398 1.41200399399 1.40373396873 1.41075706482 1.39998292923 1.4119040966
Problem 045: 0.0036301612854 0.00360298156738 0.00366401672363 0.00360488891602 0.00365018844604 0.00359201431274 0.00362992286682 0.00359797477722 0.00359487533569 0.00374388694763
Problem 046: 0.00349497795105 0.00351977348328 0.00346302986145 0.00347304344177 0.00346207618713 0.00345897674561 0.00347113609314 0.00345993041992 0.00346183776855 0.00348782539368
Problem 047: 0.0368750095367 0.0367879867554 0.0368840694427 0.0367729663849 0.0369670391083 0.0368959903717 0.0367691516876 0.037003993988 0.0367710590363 0.0368511676788
Problem 048: 0.00187087059021 0.00187206268311 0.00187397003174 0.00187015533447 0.00187301635742 0.00187206268311 0.00187492370605 0.00186896324158 0.00190687179565 0.00186800956726
Problem 049: 0.102355003357 0.103116989136 0.103808879852 0.105027914047 0.105708837509 0.104682922363 0.103353977203 0.102550983429 0.102262020111 0.102129220963
Problem 050: 0.0663969516754 0.0599839687347 0.0821270942688 0.0622529983521 0.0680298805237 0.0599601268768 0.0839219093323 0.062283039093 0.0662851333618 0.0599699020386
Problem 051: 0.649328947067 0.645191907883 0.657588005066 0.642719984055 0.64222407341 0.658527851105 0.65727686882 0.645273923874 0.660452127457 0.646624088287
Problem 052: 0.0604379177094 0.0605380535126 0.0602159500122 0.0605030059814 0.0604429244995 0.060170173645 0.060567855835 0.0601289272308 0.0605490207672 0.0603511333466
Problem 053: 0.0159599781036 0.0159959793091 0.0158960819244 0.0159020423889 0.016047000885 0.015930891037 0.0159220695496 0.0159070491791 0.0159938335419 0.0159342288971
Problem 054: 0.0117311477661 0.0117089748383 0.0118410587311 0.0117959976196 0.0117480754852 0.0116939544678 0.0117399692535 0.0117931365967 0.0117471218109 0.0117299556732
Problem 055: 0.00978779792786 0.00983619689941 0.00982785224915 0.00979900360107 0.00973582267761 0.00976395606995 0.00975322723389 0.00975799560547 0.00975608825684 0.00979399681091
Problem 056: 0.0604610443115 0.060558795929 0.0603671073914 0.0603330135345 0.0603258609772 0.0604059696198 0.0603079795837 0.0604729652405 0.0615499019623 0.0619299411774
Problem 057: 0.00543093681335 0.00544905662537 0.00543999671936 0.00545001029968 0.00544500350952 0.00547099113464 0.00544905662537 0.00544404983521 0.00543212890625 0.00543308258057
Problem 058: 0.678959846497 0.678247928619 0.68341588974 0.677883148193 0.67525100708 0.676248073578 0.677922964096 0.676488161087 0.675712823868 0.676133155823
Problem 059: 0.443979978561 0.428282022476 0.439786911011 0.428222894669 0.439462900162 0.428159952164 0.439946174622 0.428024053574 0.440705060959 0.427478075027
Problem 061: 0.000584125518799 0.000509023666382 0.000576972961426 0.000571966171265 0.000509023666382 0.000576019287109 0.000508069992065 0.000565052032471 0.000581979751587 0.000508069992065
Problem 062: 0.0252139568329 0.0124070644379 0.0122909545898 0.0121350288391 0.0122389793396 0.0122380256653 0.0121140480042 0.0122270584106 0.0124158859253 0.0124800205231
Problem 063: 5.00679016113e-05 5.10215759277e-05 5.00679016113e-05 5.10215759277e-05 0.00119495391846 4.98294830322e-05 4.10079956055e-05 3.88622283936e-05 3.71932983398e-05 3.69548797607e-05
Problem 064: 0.221903085709 0.208436965942 0.207494020462 0.207711935043 0.207422971725 0.2075111866 0.222941875458 0.207144021988 0.207490921021 0.207083940506
