# 2.7.12 (default, Jul  1 2016, 15:12:24) 
# [GCC 5.4.0 20160609]
# Linux-4.4.0-47-generic-x86_64-with-Ubuntu-16.04-xenial
Problem 001: 0.00018310546875 0.000181913375854 0.000195026397705 0.000180006027222 0.000180006027222 0.000180006027222 0.000180006027222 0.000180006027222 0.000179052352905 0.000179052352905
Problem 002: 5.96046447754e-06 5.96046447754e-06 5.96046447754e-06 5.96046447754e-06 5.96046447754e-06 5.96046447754e-06 6.19888305664e-06 5.96046447754e-06 5.96046447754e-06 5.96046447754e-06
Problem 003: 0.0111770629883 0.0110218524933 0.0110499858856 0.0111320018768 0.0109469890594 0.0110440254211 0.0110929012299 0.0110428333282 0.0110108852386 0.0110368728638
Problem 004: 0.248568058014 0.248151063919 0.25052690506 0.249543905258 0.248707056046 0.250936031342 0.249098062515 0.248316049576 0.249469041824 0.254179000854
Problem 005: 7.86781311035e-06 8.10623168945e-06 8.10623168945e-06 7.86781311035e-06 8.10623168945e-06 8.10623168945e-06 7.86781311035e-06 8.10623168945e-06 7.86781311035e-06 8.10623168945e-06
Problem 006: 1.4066696167e-05 1.4066696167e-05 1.4066696167e-05 1.4066696167e-05 1.38282775879e-05 1.38282775879e-05 1.4066696167e-05 1.4066696167e-05 1.4066696167e-05 1.38282775879e-05
Problem 007: 0.212018013 0.211513996124 0.211681127548 0.211678028107 0.211645841599 0.211783885956 0.211539030075 0.211816072464 0.211689949036 0.211400985718
Problem 008: 0.00458598136902 0.00462698936462 0.00458693504333 0.00459003448486 0.00462412834167 0.00464105606079 0.00459003448486 0.00458598136902 0.00462889671326 0.00459313392639
Problem 009: 0.0256590843201 0.0250689983368 0.0250480175018 0.0250849723816 0.0249769687653 0.0251181125641 0.0251929759979 0.0250360965729 0.0250499248505 0.0250871181488
Problem 010: 0.300235033035 0.302810907364 0.299716949463 0.302292823792 0.29393696785 0.303821086884 0.294711828232 0.302747011185 0.300223827362 0.305689096451
Problem 011: 0.00127816200256 0.00128293037415 0.00129699707031 0.00127911567688 0.00128293037415 0.00127911567688 0.00131607055664 0.00128388404846 0.0012800693512 0.00127983093262
Problem 012: 3.18085503578 3.19662904739 3.21274399757 3.22251796722 3.17406105995 3.17644500732 3.18810606003 3.18470621109 3.18002510071 3.18110203743
Problem 013: 5.00679016113e-06 3.81469726562e-06 4.05311584473e-06 4.05311584473e-06 4.05311584473e-06 4.05311584473e-06 4.05311584473e-06 3.81469726562e-06 4.05311584473e-06 4.05311584473e-06
Problem 015: 2.86102294922e-06 3.09944152832e-06 3.09944152832e-06 2.86102294922e-06 3.09944152832e-06 2.86102294922e-06 3.09944152832e-06 3.09944152832e-06 2.86102294922e-06 3.09944152832e-06
Problem 016: 0.000100135803223 0.000100135803223 9.98973846436e-05 9.98973846436e-05 0.000100135803223 9.98973846436e-05 0.000100135803223 9.89437103271e-05 0.000100135803223 9.98973846436e-05
Problem 017: 0.000833034515381 0.000834941864014 0.000834941864014 0.000869035720825 0.000856161117554 0.00083589553833 0.000833988189697 0.000834941864014 0.000870943069458 0.000833988189697
Problem 018: 4.00543212891e-05 3.91006469727e-05 3.79085540771e-05 3.91006469727e-05 3.88622283936e-05 3.91006469727e-05 3.91006469727e-05 3.88622283936e-05 3.91006469727e-05 3.91006469727e-05
Problem 019: 0.000307083129883 0.00030779838562 0.000307083129883 0.000306129455566 0.000305891036987 0.000308036804199 0.000307083129883 0.000305891036987 0.000307083129883 0.000306129455566
Problem 020: 5.88893890381e-05 5.91278076172e-05 5.79357147217e-05 5.79357147217e-05 5.81741333008e-05 5.79357147217e-05 5.91278076172e-05 5.79357147217e-05 5.88893890381e-05 5.91278076172e-05
Problem 021: 0.0102851390839 0.0103409290314 0.0103108882904 0.0103549957275 0.0102920532227 0.0104160308838 0.0103299617767 0.0103280544281 0.0103061199188 0.0103280544281
Problem 022: 0.00726890563965 0.00731015205383 0.00724101066589 0.00719785690308 0.00722599029541 0.0072648525238 0.00723314285278 0.00727295875549 0.0072660446167 0.00724697113037
Problem 023: 1.95306396484 1.95570492744 1.95240497589 1.95532798767 1.95585799217 1.95930314064 1.98248505592 1.9584069252 1.96095395088 1.9690580368
Problem 025: 0.0304491519928 0.030974149704 0.0304348468781 0.0305478572845 0.0304379463196 0.0305058956146 0.0304501056671 0.0304620265961 0.0305459499359 0.0304729938507
Problem 026: 0.0137610435486 0.0137569904327 0.0138659477234 0.0137519836426 0.0137939453125 0.0137760639191 0.0137360095978 0.0137579441071 0.0137548446655 0.0137600898743
Problem 027: 0.919970989227 0.918015003204 0.918408870697 0.924036026001 0.923222064972 0.918606996536 0.932692050934 0.921221017838 0.922372817993 0.91802406311
Problem 028: 6.22272491455e-05 6.19888305664e-05 6.19888305664e-05 6.19888305664e-05 6.103515625e-05 6.19888305664e-05 6.19888305664e-05 6.19888305664e-05 6.19888305664e-05 6.19888305664e-05
Problem 029: 0.0101640224457 0.0101871490479 0.0102241039276 0.0106379985809 0.0103471279144 0.0102078914642 0.0102360248566 0.0102319717407 0.0103130340576 0.0102200508118
Problem 030: 3.06755280495 3.06847596169 3.09741687775 3.07591795921 3.06321382523 3.05964612961 3.05986094475 3.05509591103 3.07653784752 3.06779193878
Problem 031: 0.000102996826172 0.000103950500488 0.000102996826172 0.000115871429443 0.000113010406494 0.000102996826172 0.000103950500488 0.000103950500488 0.000102996826172 0.000103950500488
Problem 032: 0.144953012466 0.145038843155 0.146331071854 0.148187875748 0.146039962769 0.145184993744 0.144963979721 0.144645929337 0.147279977798 0.148601055145
Problem 033: 0.000818967819214 0.000820159912109 0.000817060470581 0.000814914703369 0.000835180282593 0.000818967819214 0.000817060470581 0.000818014144897 0.000817060470581 0.000859975814819
Problem 034: 2.80156493187 2.80059099197 2.80266499519 2.79091405869 2.82600498199 2.8074491024 2.80607485771 2.80732989311 2.80957698822 2.80069994926
Problem 035: 1.63553404808 1.63579797745 1.63701796532 1.63478779793 1.63778591156 1.63316893578 1.63752388954 1.64284610748 1.63017606735 1.63401603699
Problem 036: 0.351771116257 0.351258039474 0.35183596611 0.35763001442 0.350589036942 0.350682973862 0.359674930573 0.352308034897 0.351006031036 0.350687026978
Problem 037: 1.38985705376 1.40737986565 1.39209389687 1.39036083221 1.40066599846 1.39038300514 1.39574408531 1.39253401756 1.39090204239 1.39090013504
Problem 038: 0.0342111587524 0.0342190265656 0.0341429710388 0.0340609550476 0.0342447757721 0.0341329574585 0.0339999198914 0.0343689918518 0.0343699455261 0.0342020988464
Problem 039: 3.93731307983 3.9008231163 3.90408015251 3.8873269558 3.89804506302 3.896941185 3.95702815056 3.9118449688 3.89674496651 3.89104485512
Problem 040: 0.18871307373 0.200135946274 0.187342882156 0.200234889984 0.188603878021 0.192327976227 0.188052892685 0.188303947449 0.18772816658 0.18769288063
Problem 041: 1.78857398033 1.79187107086 1.80411696434 1.78578805923 1.80036616325 1.78777003288 1.791711092 1.79811310768 1.79265117645 1.78956103325
Problem 042: 0.00416278839111 0.00417804718018 0.00416898727417 0.00416707992554 0.00418305397034 0.00418496131897 0.00417590141296 0.00417494773865 0.00417590141296 0.00417995452881
Problem 044: 12.5596699715 12.5904040337 12.5803940296 12.5149240494 12.5761060715 12.5606088638 12.5041630268 12.4946279526 12.5672979355 12.5662720203
Problem 045: 0.0537400245667 0.0538339614868 0.0545198917389 0.0555927753448 0.0551261901855 0.0548009872437 0.0538470745087 0.0537841320038 0.0538229942322 0.0537750720978
Problem 046: 0.0319290161133 0.0319850444794 0.0319800376892 0.032103061676 0.0319609642029 0.0320711135864 0.0320420265198 0.0319950580597 0.0319929122925 0.0321171283722
Problem 047: 0.155097007751 0.154903888702 0.154821872711 0.155024051666 0.156096935272 0.155461072922 0.155084133148 0.155483961105 0.154321908951 0.154808044434
Problem 048: 0.00236701965332 0.00235915184021 0.00233387947083 0.00235414505005 0.00233507156372 0.00235486030579 0.00233888626099 0.00237011909485 0.00233602523804 0.00233387947083
Problem 049: 0.627710103989 0.621577978134 0.598873853683 0.596856117249 0.596558094025 0.596889019012 0.595458984375 0.595710992813 0.598699092865 0.61288022995
Problem 050: 0.348999977112 0.347198009491 0.345458030701 0.347058773041 0.359783172607 0.358742952347 0.357804059982 0.355269193649 0.348438978195 0.346647977829
Problem 051: 6.17036414146 6.16243982315 6.18731594086 6.33340501785 6.14952301979 6.16296887398 6.1804330349 6.15767002106 6.18631100655 6.16932892799
Problem 052: 0.396313905716 0.398412942886 0.397052049637 0.395859003067 0.395510196686 0.396383047104 0.395181894302 0.394917011261 0.395610809326 0.4047498703
Problem 053: 0.0354878902435 0.0355999469757 0.0354959964752 0.0354990959167 0.0356199741364 0.035444021225 0.035542011261 0.0357520580292 0.0354750156403 0.0354239940643
Problem 054: 0.0627431869507 0.0625989437103 0.0626990795135 0.0625469684601 0.0625901222229 0.0626618862152 0.0626780986786 0.0626199245453 0.0625660419464 0.0626690387726
Problem 055: 0.0568470954895 0.0564050674438 0.0562999248505 0.0559859275818 0.0559809207916 0.0560750961304 0.056086063385 0.0560150146484 0.0562860965729 0.0570158958435
Problem 056: 0.27073597908 0.270410060883 0.270742177963 0.271018028259 0.270875930786 0.271444797516 0.27077794075 0.27174115181 0.270250082016 0.271109104156
Problem 057: 0.00279402732849 0.00279307365417 0.00284600257874 0.00279402732849 0.00278997421265 0.0027961730957 0.00279498100281 0.00281000137329 0.00282692909241 0.00279402732849
Problem 058: 2.93383598328 2.93341708183 2.95527100563 2.93468904495 2.93794202805 2.93586993217 2.93215084076 2.93606805801 2.93325304985 2.93078422546
Problem 059: 4.85950398445 4.86188101768 4.88830113411 4.90842103958 4.87584996223 4.85989308357 4.88831281662 4.89493012428 4.8973069191 4.87459611893
Problem 061: 0.00312495231628 0.00313496589661 0.00314402580261 0.00310611724854 0.00309491157532 0.00309610366821 0.00315093994141 0.00320816040039 0.0031578540802 0.00367379188538
Problem 062: 0.0797629356384 0.0800099372864 0.0805480480194 0.0800068378448 0.0800919532776 0.0802068710327 0.0801508426666 0.0801618099213 0.0800671577454 0.0805490016937
Problem 063: 6.07967376709e-05 6.19888305664e-05 6.19888305664e-05 6.103515625e-05 6.103515625e-05 6.103515625e-05 6.19888305664e-05 6.19888305664e-05 6.19888305664e-05 6.103515625e-05
Problem 064: 2.51723384857 2.53261613846 2.51669502258 2.51933813095 2.5195710659 2.52487897873 2.51722097397 2.52046298981 2.51761603355 2.53096914291
