# 3.5.2 (default, Sep 10 2016, 08:21:44) 
# [GCC 5.4.0 20160609]
# Linux-4.4.0-47-generic-x86_64-with-Ubuntu-16.04-xenial
Problem 001: 0.000164031982421875 0.00018072128295898438 0.0001633167266845703 0.00016379356384277344 0.00016355514526367188 0.00016379356384277344 0.00016355514526367188 0.0001633167266845703 0.00016355514526367188 0.00016379356384277344
Problem 002: 5.245208740234375e-06 4.76837158203125e-06 5.0067901611328125e-06 4.76837158203125e-06 4.76837158203125e-06 4.76837158203125e-06 4.76837158203125e-06 4.76837158203125e-06 4.76837158203125e-06 4.76837158203125e-06
Problem 003: 0.0002620220184326172 0.0002396106719970703 0.00023865699768066406 0.00023627281188964844 0.0002391338348388672 0.00023889541625976562 0.0002377033233642578 0.0002372264862060547 0.0002377033233642578 0.0002396106719970703
Problem 004: 0.24789929389953613 0.2514815330505371 0.25475072860717773 0.24868011474609375 0.2483358383178711 0.24801087379455566 0.24819040298461914 0.24817585945129395 0.2479724884033203 0.24833297729492188
Problem 005: 7.319450378417969e-05 7.319450378417969e-05 7.2479248046875e-05 7.224082946777344e-05 7.224082946777344e-05 7.224082946777344e-05 7.176399230957031e-05 7.200241088867188e-05 7.128715515136719e-05 7.200241088867188e-05
Problem 006: 4.1961669921875e-05 4.1961669921875e-05 4.1484832763671875e-05 4.1484832763671875e-05 4.172325134277344e-05 4.172325134277344e-05 4.1484832763671875e-05 4.1484832763671875e-05 4.172325134277344e-05 4.1961669921875e-05
Problem 007: 0.34292054176330566 0.33595871925354004 0.3358154296875 0.33597755432128906 0.3358461856842041 0.3359992504119873 0.3359997272491455 0.3361055850982666 0.3355984687805176 0.33601832389831543
Problem 008: 0.0025453567504882812 0.0025408267974853516 0.0025386810302734375 0.0025396347045898438 0.0025365352630615234 0.0025568008422851562 0.0025587081909179688 0.002537250518798828 0.0025594234466552734 0.002561807632446289
Problem 009: 0.037502288818359375 0.03758955001831055 0.03762316703796387 0.037624359130859375 0.03767704963684082 0.03755688667297363 0.037541866302490234 0.03760123252868652 0.03765726089477539 0.03754591941833496
Problem 010: 0.3040187358856201 0.3047032356262207 0.30881381034851074 0.30408740043640137 0.3040809631347656 0.3048250675201416 0.3075070381164551 0.3042891025543213 0.30434560775756836 0.3045327663421631
Problem 011: 0.0015387535095214844 0.00153350830078125 0.0015382766723632812 0.0015540122985839844 0.0016512870788574219 0.0016367435455322266 0.0015845298767089844 0.0015866756439208984 0.0015783309936523438 0.0015778541564941406
Problem 012: 4.613800525665283 4.613284349441528 4.612528562545776 4.6131367683410645 4.604758977890015 4.613196134567261 4.629250764846802 4.625029563903809 4.611752510070801 4.618537425994873
Problem 013: 3.814697265625e-06 3.814697265625e-06 3.5762786865234375e-06 3.5762786865234375e-06 3.5762786865234375e-06 3.5762786865234375e-06 3.5762786865234375e-06 3.5762786865234375e-06 3.5762786865234375e-06 3.5762786865234375e-06
Problem 015: 1.430511474609375e-06 1.6689300537109375e-06 1.430511474609375e-06 1.430511474609375e-06 1.430511474609375e-06 1.430511474609375e-06 1.430511474609375e-06 1.430511474609375e-06 1.430511474609375e-06 1.6689300537109375e-06
Problem 016: 5.626678466796875e-05 5.626678466796875e-05 5.626678466796875e-05 5.602836608886719e-05 5.626678466796875e-05 5.626678466796875e-05 5.626678466796875e-05 5.626678466796875e-05 5.602836608886719e-05 5.626678466796875e-05
Problem 017: 0.0010097026824951172 0.0010097026824951172 0.0010135173797607422 0.0010101795196533203 0.0010101795196533203 0.0010118484497070312 0.001013040542602539 0.0010104179382324219 0.0010104179382324219 0.0010094642639160156
Problem 018: 5.078315734863281e-05 5.078315734863281e-05 5.078315734863281e-05 5.078315734863281e-05 5.078315734863281e-05 5.078315734863281e-05 5.078315734863281e-05 5.078315734863281e-05 5.078315734863281e-05 5.1021575927734375e-05
Problem 019: 0.0003249645233154297 0.00032448768615722656 0.0003247261047363281 0.00032401084899902344 0.0003325939178466797 0.0003368854522705078 0.0003247261047363281 0.0003247261047363281 0.00032448768615722656 0.00032448768615722656
Problem 020: 3.0994415283203125e-05 3.075599670410156e-05 3.075599670410156e-05 3.075599670410156e-05 3.0517578125e-05 3.0517578125e-05 3.0517578125e-05 3.0517578125e-05 3.0517578125e-05 3.0517578125e-05
Problem 021: 0.011796951293945312 0.011783361434936523 0.01180410385131836 0.011778831481933594 0.011804580688476562 0.01181793212890625 0.01178884506225586 0.011778116226196289 0.011536836624145508 0.011487722396850586
Problem 022: 0.008005142211914062 0.008035659790039062 0.008038759231567383 0.00803685188293457 0.008040428161621094 0.008037328720092773 0.00802302360534668 0.008033275604248047 0.008025407791137695 0.008005142211914062
Problem 023: 2.8185596466064453 2.800673723220825 2.803433895111084 2.814514398574829 2.817154884338379 2.809774875640869 2.8233749866485596 2.806640863418579 2.8206560611724854 2.817992687225342
Problem 025: 0.03076958656311035 0.03070235252380371 0.03067755699157715 0.0307004451751709 0.030679702758789062 0.03078627586364746 0.030681848526000977 0.030787944793701172 0.030799388885498047 0.030704736709594727
Problem 026: 0.017715930938720703 0.017698287963867188 0.017703771591186523 0.017698287963867188 0.01775050163269043 0.017762422561645508 0.017709732055664062 0.017714262008666992 0.017706871032714844 0.017700672149658203
Problem 027: 1.0161287784576416 1.0162644386291504 1.0159060955047607 1.0154554843902588 1.0140249729156494 1.0141677856445312 1.012876272201538 1.0144875049591064 1.0146307945251465 1.0154519081115723
Problem 028: 8.749961853027344e-05 0.00010824203491210938 8.7738037109375e-05 8.749961853027344e-05 8.726119995117188e-05 8.726119995117188e-05 8.749961853027344e-05 8.702278137207031e-05 8.702278137207031e-05 8.726119995117188e-05
Problem 029: 0.005032539367675781 0.005019426345825195 0.005019664764404297 0.005043983459472656 0.0050084590911865234 0.0050029754638671875 0.0050089359283447266 0.005007505416870117 0.005005359649658203 0.005002737045288086
Problem 030: 2.9437806606292725 2.9410955905914307 2.9379076957702637 2.9323601722717285 2.939887285232544 2.9463138580322266 2.9438974857330322 2.9386403560638428 2.9419429302215576 2.9400179386138916
Problem 031: 0.00014257431030273438 0.0001423358917236328 0.0001423358917236328 0.0001423358917236328 0.00014209747314453125 0.00014257431030273438 0.00014209747314453125 0.00014209747314453125 0.00014209747314453125 0.0001418590545654297
Problem 032: 0.16754961013793945 0.1680619716644287 0.1670680046081543 0.16664910316467285 0.16747522354125977 0.16827058792114258 0.16686773300170898 0.1666574478149414 0.16758966445922852 0.16782522201538086
Problem 033: 0.0010194778442382812 0.0010159015655517578 0.0010187625885009766 0.0010173320770263672 0.0010197162628173828 0.0010499954223632812 0.0010271072387695312 0.0010254383087158203 0.001018524169921875 0.0010156631469726562
Problem 034: 4.051620244979858 4.030106544494629 4.0336573123931885 4.050828456878662 4.037482023239136 4.041902303695679 4.04721474647522 4.02898097038269 4.04632306098938 4.0494914054870605
Problem 035: 1.7159442901611328 1.717271327972412 1.7173597812652588 1.7194275856018066 1.7195868492126465 1.7255761623382568 1.720900297164917 1.7262930870056152 1.720226764678955 1.7249462604522705
Problem 036: 0.35895419120788574 0.3587229251861572 0.3591463565826416 0.3587968349456787 0.3589475154876709 0.3591630458831787 0.36224818229675293 0.3642446994781494 0.35927319526672363 0.35930776596069336
Problem 037: 1.9672596454620361 1.9761736392974854 1.9737870693206787 1.969414472579956 1.9762849807739258 1.97135591506958 1.977602243423462 1.9653294086456299 1.9755933284759521 1.9696681499481201
Problem 038: 0.03144025802612305 0.03154301643371582 0.03152894973754883 0.03155016899108887 0.0318903923034668 0.03163790702819824 0.03157687187194824 0.03173351287841797 0.03165173530578613 0.031476736068725586
Problem 039: 5.7538535594940186 5.757270336151123 5.7432050704956055 5.737414836883545 5.744414567947388 5.744657039642334 5.738016843795776 5.729024171829224 5.746838569641113 5.739239692687988
Problem 040: 0.22617411613464355 0.2292640209197998 0.22660398483276367 0.22567391395568848 0.225600004196167 0.22618460655212402 0.22571992874145508 0.22642970085144043 0.22546911239624023 0.22545719146728516
Problem 041: 2.3698537349700928 2.3695895671844482 2.372112274169922 2.3742289543151855 2.375210762023926 2.3756628036499023 2.376591444015503 2.3724300861358643 2.37003755569458 2.370474100112915
Problem 042: 0.004277944564819336 0.004243612289428711 0.0042247772216796875 0.004233360290527344 0.0042324066162109375 0.004231691360473633 0.004228353500366211 0.004220485687255859 0.004238605499267578 0.004224061965942383
Problem 044: 14.857954740524292 14.842015266418457 14.827330827713013 14.694669246673584 14.753318309783936 14.740533113479614 14.843330383300781 14.760548114776611 14.82135272026062 14.784574747085571
Problem 045: 0.07257342338562012 0.07259583473205566 0.07258319854736328 0.07311153411865234 0.07266736030578613 0.07264208793640137 0.07262086868286133 0.07258391380310059 0.07286524772644043 0.07255673408508301
Problem 046: 0.048508644104003906 0.048685550689697266 0.048623085021972656 0.04864954948425293 0.04858970642089844 0.048539161682128906 0.04856586456298828 0.04872703552246094 0.04859328269958496 0.04863309860229492
Problem 047: 0.1343376636505127 0.13400840759277344 0.1341400146484375 0.13379526138305664 0.13375282287597656 0.13381123542785645 0.13455843925476074 0.13405990600585938 0.1343674659729004 0.1337118148803711
Problem 048: 0.0014705657958984375 0.0014879703521728516 0.0014736652374267578 0.0014700889587402344 0.00147247314453125 0.0014700889587402344 0.001489877700805664 0.0015797615051269531 0.0015592575073242188 0.001516580581665039
Problem 049: 0.6598219871520996 0.6516139507293701 0.6481857299804688 0.6531941890716553 0.6569037437438965 0.6537611484527588 0.6497786045074463 0.659308671951294 0.6524522304534912 0.6638224124908447
Problem 050: 0.3874244689941406 0.3909749984741211 0.3903331756591797 0.38979315757751465 0.3935244083404541 0.39295125007629395 0.38939762115478516 0.3933107852935791 0.3937866687774658 0.3894209861755371
Problem 051: 7.993499517440796 8.001566171646118 7.990319013595581 7.977496862411499 7.979023456573486 8.005290031433105 7.982522249221802 7.979121923446655 8.007106304168701 7.987585783004761
Problem 052: 0.40595364570617676 0.404979944229126 0.4048130512237549 0.4041471481323242 0.4045562744140625 0.40535926818847656 0.4060373306274414 0.40495824813842773 0.4052774906158447 0.40628862380981445
Problem 053: 0.008706092834472656 0.008641719818115234 0.00868368148803711 0.008685827255249023 0.008669376373291016 0.008659839630126953 0.008678436279296875 0.008676528930664062 0.008688688278198242 0.008644819259643555
Problem 054: 0.07324576377868652 0.07337403297424316 0.07319068908691406 0.07350444793701172 0.07335424423217773 0.07346463203430176 0.07329392433166504 0.07333898544311523 0.07341456413269043 0.07382512092590332
Problem 055: 0.0437467098236084 0.04366946220397949 0.04361677169799805 0.04358363151550293 0.043688058853149414 0.04362916946411133 0.04380393028259277 0.04383111000061035 0.043630361557006836 0.04367184638977051
Problem 056: 0.1537642478942871 0.15308856964111328 0.15316081047058105 0.15363669395446777 0.15326595306396484 0.15305852890014648 0.15308547019958496 0.15295791625976562 0.15367722511291504 0.1532731056213379
Problem 057: 0.0027883052825927734 0.002785921096801758 0.002789735794067383 0.0027875900268554688 0.0027883052825927734 0.002803325653076172 0.002804994583129883 0.002805471420288086 0.0028352737426757812 0.0028145313262939453
Problem 058: 5.146289825439453 5.150842666625977 5.149370193481445 5.142706871032715 5.163149833679199 5.141844272613525 5.138560771942139 5.136292934417725 5.141081809997559 5.15420937538147
Problem 059: 6.421900749206543 6.429931402206421 6.419461727142334 6.43007755279541 6.427759647369385 6.42113471031189 6.429394483566284 6.440766096115112 6.430327653884888 6.4273903369903564
Problem 061: 0.004431962966918945 0.0035436153411865234 0.003541707992553711 0.003551959991455078 0.0035552978515625 0.0035295486450195312 0.003551959991455078 0.0035521984100341797 0.003603696823120117 0.0035567283630371094
Problem 062: 0.06956267356872559 0.06967759132385254 0.06951117515563965 0.06975555419921875 0.0692291259765625 0.0693819522857666 0.06972837448120117 0.0693051815032959 0.06920361518859863 0.06950592994689941
Problem 063: 8.678436279296875e-05 8.630752563476562e-05 8.654594421386719e-05 8.654594421386719e-05 8.630752563476562e-05 8.630752563476562e-05 8.654594421386719e-05 8.654594421386719e-05 8.654594421386719e-05 8.630752563476562e-05
Problem 064: 7.487534761428833 7.488300561904907 7.4954674243927 7.543242454528809 7.609410285949707 7.522665023803711 7.485352277755737 7.491614818572998 7.495990991592407 7.486157178878784
